0;0;0;0;land;false;unknown;0
1;230;81;119;lake;false;lakes;7
2;0;0;55;land;false;forest;1
3;0;0;205;land;false;forest;1
4;0;0;232;sea;true;ocean;0
5;0;2;240;sea;false;ocean;0
6;0;3;20;land;false;forest;6
7;0;3;170;land;false;forest;1
8;0;3;225;land;false;hills;1
9;0;4;248;sea;false;ocean;0
10;0;6;85;land;false;forest;1
11;0;6;135;land;false;forest;1
12;0;6;190;land;false;plains;6
13;0;8;244;sea;false;ocean;0
14;0;9;155;land;true;plains;1
15;0;9;200;land;false;forest;1
16;0;10;232;sea;true;ocean;0
17;0;12;15;land;false;plains;1
18;0;12;165;land;true;forest;1
19;0;12;240;sea;false;ocean;0
20;0;14;248;sea;true;ocean;0
21;0;15;80;land;true;mountain;1
22;0;15;130;land;true;mountain;1
23;0;15;185;land;false;plains;6
24;0;15;236;sea;true;ocean;0
25;0;17;244;sea;false;ocean;0
26;0;18;45;land;false;forest;1
27;0;18;150;land;false;hills;1
28;0;19;240;sea;true;ocean;0
29;0;20;248;sea;false;ocean;0
30;0;21;10;land;false;forest;1
31;0;21;65;land;false;forest;6
32;0;21;215;land;false;forest;1
33;0;22;236;sea;false;ocean;0
34;0;23;244;sea;true;ocean;0
35;0;24;30;land;false;plains;1
36;0;24;75;land;false;marsh;1
37;0;24;180;land;false;forest;1
38;0;27;40;land;true;mountain;1
39;0;27;95;land;false;forest;1
40;0;27;145;land;false;forest;1
41;0;27;248;sea;false;ocean;0
42;0;28;236;sea;false;ocean;0
43;0;29;244;sea;false;ocean;0
44;0;30;5;land;true;mountain;1
45;0;30;60;land;false;forest;6
46;0;30;210;land;false;forest;1
47;0;31;232;sea;false;ocean;0
48;0;32;240;sea;true;ocean;0
49;0;33;25;land;false;forest;1
50;0;33;248;sea;false;ocean;0
51;0;34;236;sea;false;ocean;0
52;0;36;90;land;false;plains;1
53;0;36;195;land;true;plains;1
54;0;36;244;sea;false;ocean;0
55;0;37;232;sea;false;ocean;0
56;0;38;240;sea;false;ocean;0
57;0;39;55;land;false;forest;1
58;0;39;205;land;false;mountain;1
59;0;39;248;sea;false;ocean;0
60;0;42;20;land;true;forest;1
61;0;42;170;land;false;forest;1
62;0;42;225;land;false;forest;1
63;0;45;85;land;false;forest;1
64;0;45;135;land;true;plains;1
65;0;45;190;land;true;mountain;1
66;0;48;50;land;true;plains;1
67;0;48;155;land;false;plains;1
68;0;51;15;land;true;plains;1
69;0;51;70;land;false;forest;1
70;0;51;220;land;true;forest;1
71;0;54;35;land;false;forest;1
72;0;54;185;land;false;forest;1
73;0;57;0;land;false;plains;6
74;0;57;45;land;false;forest;1
75;0;57;150;land;false;forest;1
76;0;60;10;land;false;hills;1
77;0;60;65;land;false;forest;1
78;0;60;215;land;false;desert;7
79;0;63;30;land;false;forest;1
80;0;63;180;land;false;forest;1
81;0;66;95;land;false;forest;1
82;0;66;145;land;false;forest;1
83;0;66;200;land;true;plains;1
84;0;69;60;land;false;plains;6
85;0;69;165;land;false;forest;1
86;0;69;210;land;true;forest;1
87;0;72;25;land;false;forest;6
88;0;72;130;land;false;forest;6
89;0;72;175;land;false;forest;1
90;0;75;90;land;false;forest;1
91;0;75;140;land;true;mountain;1
92;0;78;55;land;true;forest;1
93;0;78;160;land;false;plains;1
94;0;81;20;land;true;forest;1
95;0;81;75;land;false;marsh;1
96;0;81;225;land;false;marsh;6
97;0;84;40;land;false;forest;1
98;0;84;85;land;true;forest;1
99;0;84;190;land;false;forest;6
100;0;87;5;land;false;forest;1
101;0;87;50;land;false;forest;1
102;0;87;155;land;false;mountain;1
103;0;90;15;land;false;forest;1
104;0;90;70;land;true;plains;1
105;0;90;220;land;true;forest;6
106;0;93;35;land;false;forest;1
107;0;93;185;land;true;hills;1
108;0;96;0;land;false;forest;6
109;0;96;150;land;false;forest;1
110;0;96;205;land;false;forest;1
111;0;99;65;land;false;mountain;1
112;0;99;170;land;false;forest;6
113;0;102;30;land;false;forest;1
114;0;102;135;land;false;forest;1
115;0;105;95;land;false;mountain;1
116;0;105;145;land;true;plains;1
117;0;105;200;land;false;forest;1
118;0;108;60;land;false;forest;1
119;0;108;165;land;false;plains;6
120;0;111;25;land;false;forest;1
121;0;111;80;land;false;urban;1
122;0;111;130;land;true;hills;1
123;0;114;45;land;false;plains;6
124;0;114;90;land;false;forest;1
125;0;114;195;land;false;forest;1
126;0;117;10;land;false;forest;1
127;0;117;55;land;true;forest;1
128;0;120;20;land;false;hills;1
129;0;120;75;land;false;forest;1
130;0;120;225;land;true;forest;1
131;0;123;40;land;true;mountain;1
132;0;123;190;land;false;forest;1
133;0;126;5;land;false;forest;1
134;0;126;155;land;false;forest;1
135;0;126;210;land;false;plains;6
136;0;129;70;land;false;forest;1
137;0;129;175;land;true;plains;1
138;0;129;220;land;false;plains;1
139;0;132;35;land;false;forest;1
140;0;132;185;land;false;plains;1
141;0;135;0;land;false;forest;1
142;0;135;150;land;false;plains;1
143;0;135;205;land;false;forest;1
144;0;138;170;land;false;forest;1
145;0;141;30;land;false;forest;1
146;0;141;85;land;false;plains;6
147;0;144;50;land;false;forest;1
148;0;144;95;land;false;forest;1
149;0;144;200;land;true;plains;1
150;0;147;15;land;false;forest;1
151;0;147;60;land;false;forest;1
152;0;147;165;land;false;forest;1
153;0;150;25;land;true;plains;3
154;0;150;80;land;false;forest;6
155;0;150;130;land;true;forest;1
156;0;153;45;land;false;plains;1
157;0;153;195;land;false;forest;1
158;0;156;160;land;true;plains;1
159;0;156;215;land;false;mountain;1
160;0;159;75;land;false;forest;1
161;0;159;180;land;true;plains;1
162;0;159;225;land;false;forest;1
163;0;162;40;land;false;forest;1
164;0;162;145;land;false;forest;1
165;0;162;190;land;false;forest;1
166;0;165;5;land;true;forest;1
167;0;165;155;land;false;forest;1
168;0;168;70;land;false;mountain;1
169;0;168;175;land;true;plains;1
170;0;171;35;land;false;forest;1
171;0;171;90;land;true;forest;1
172;0;171;140;land;false;forest;1
173;0;174;0;land;false;mountain;1
174;0;174;205;land;false;forest;1
175;0;177;20;land;false;plains;6
176;0;177;65;land;false;marsh;1
177;0;177;170;land;true;plains;3
178;0;180;30;land;false;mountain;1
179;0;180;85;land;false;forest;1
180;0;180;135;land;false;plains;1
181;0;183;50;land;false;forest;1
182;0;183;200;land;true;forest;1
183;0;186;15;land;false;forest;1
184;0;186;165;land;false;forest;1
185;0;186;220;land;true;forest;1
186;0;189;80;land;false;forest;6
187;0;189;185;land;false;forest;1
188;0;192;45;land;true;mountain;1
189;0;192;150;land;false;plains;6
190;0;192;195;land;false;mountain;1
191;0;195;10;land;false;forest;5
192;0;195;160;land;true;mountain;1
193;0;198;75;land;false;forest;1
194;0;198;180;land;false;forest;1
195;0;201;40;land;true;forest;1
196;0;201;145;land;false;plains;6
197;0;204;5;land;false;forest;1
198;0;204;60;land;true;plains;6
199;0;204;210;land;true;mountain;1
200;0;207;25;land;true;plains;1
201;0;207;70;land;false;forest;1
202;0;207;175;land;false;forest;1
203;0;210;35;land;false;plains;1
204;0;210;90;land;true;plains;1
205;0;210;140;land;true;forest;1
206;1;0;10;land;false;plains;6
207;1;0;160;land;false;forest;1
208;1;0;215;land;false;forest;6
209;1;0;236;sea;true;ocean;0
210;1;2;244;sea;true;ocean;0
211;1;3;75;land;true;plains;1
212;1;3;180;land;false;plains;1
213;1;4;232;sea;false;ocean;0
214;1;6;40;land;false;plains;1
215;1;6;95;land;false;marsh;1
216;1;6;145;land;false;plains;1
217;1;6;240;sea;false;ocean;0
218;1;8;248;sea;false;ocean;0
219;1;9;5;land;false;mountain;1
220;1;10;236;sea;true;ocean;0
221;1;12;25;land;true;plains;1
222;1;12;70;land;false;plains;1
223;1;12;175;land;false;plains;1
224;1;12;244;sea;true;ocean;0
225;1;14;232;sea;true;ocean;0
226;1;15;35;land;false;forest;1
227;1;15;90;land;false;forest;6
228;1;15;140;land;false;forest;6
229;1;15;240;sea;true;ocean;0
230;1;17;248;sea;false;ocean;0
231;1;18;0;land;false;forest;1
232;1;18;55;land;false;plains;1
233;1;18;205;land;false;forest;1
234;1;19;244;sea;false;ocean;0
235;1;20;232;sea;false;ocean;0
236;1;21;20;land;false;plains;1
237;1;21;170;land;false;mountain;6
238;1;21;225;land;false;forest;1
239;1;22;240;sea;false;ocean;0
240;1;23;248;sea;false;ocean;0
241;1;24;85;land;true;marsh;1
242;1;24;135;land;false;forest;1
243;1;24;190;land;false;forest;1
244;1;24;236;sea;false;ocean;0
245;1;25;244;sea;false;ocean;0
246;1;27;50;land;false;plains;1
247;1;27;155;land;false;plains;1
248;1;27;200;land;false;hills;1
249;1;27;232;sea;false;ocean;0
250;1;28;240;sea;false;ocean;0
251;1;29;248;sea;false;ocean;0
252;1;30;165;land;false;forest;1
253;1;30;220;land;false;hills;1
254;1;31;236;sea;false;ocean;0
255;1;32;244;sea;true;ocean;0
256;1;33;130;land;false;forest;6
257;1;33;185;land;false;forest;6
258;1;33;232;sea;false;ocean;0
259;1;34;240;sea;false;ocean;0
260;1;36;45;land;false;forest;6
261;1;36;150;land;false;plains;1
262;1;36;248;sea;false;ocean;0
263;1;37;236;sea;false;ocean;0
264;1;38;244;sea;false;ocean;0
265;1;39;10;land;false;forest;1
266;1;39;215;land;false;plains;1
267;1;39;232;sea;false;ocean;0
268;1;42;30;land;false;forest;1
269;1;42;180;land;false;forest;1
270;1;45;40;land;false;forest;6
271;1;45;95;land;true;plains;1
272;1;48;5;land;false;plains;6
273;1;48;60;land;false;plains;6
274;1;48;210;land;false;plains;1
275;1;51;25;land;false;forest;1
276;1;51;175;land;true;hills;1
277;1;54;90;land;false;forest;1
278;1;57;55;land;false;mountain;6
279;1;57;160;land;false;plains;1
280;1;57;205;land;false;forest;1
281;1;60;20;land;false;forest;1
282;1;60;170;land;false;forest;6
283;1;63;85;land;false;forest;1
284;1;63;135;land;true;mountain;1
285;1;63;190;land;true;hills;1
286;1;66;155;land;false;forest;6
287;1;69;15;land;false;forest;1
288;1;69;70;land;false;plains;1
289;1;69;220;land;false;plains;1
290;1;72;35;land;false;plains;1
291;1;72;80;land;false;plains;6
292;1;72;185;land;false;forest;6
293;1;75;0;land;false;plains;1
294;1;75;150;land;false;forest;1
295;1;78;10;land;false;plains;1
296;1;78;65;land;false;plains;1
297;1;78;215;land;false;plains;1
298;1;81;30;land;false;forest;6
299;1;81;180;land;true;forest;1
300;1;84;95;land;false;forest;1
301;1;84;145;land;false;hills;1
302;1;84;200;land;false;forest;1
303;1;87;60;land;false;plains;1
304;1;87;165;land;false;marsh;1
305;1;87;210;land;false;forest;6
306;1;90;25;land;false;urban;1
307;1;93;90;land;false;plains;6
308;1;93;140;land;false;forest;1
309;1;93;195;land;false;plains;1
310;1;96;55;land;false;forest;1
311;1;96;160;land;false;hills;1
312;1;99;20;land;true;plains;1
313;1;99;75;land;false;plains;1
314;1;99;225;land;false;plains;1
315;1;102;40;land;false;forest;1
316;1;102;85;land;true;plains;1
317;1;102;190;land;true;plains;1
318;1;105;5;land;false;forest;1
319;1;105;50;land;false;forest;1
320;1;108;15;land;false;hills;1
321;1;108;70;land;true;plains;1
322;1;111;35;land;true;plains;1
323;1;111;185;land;false;forest;1
324;1;114;0;land;false;hills;6
325;1;114;150;land;false;forest;6
326;1;114;205;land;false;hills;6
327;1;117;65;land;false;forest;1
328;1;117;170;land;false;forest;1
329;1;117;215;land;true;forest;1
330;1;120;30;land;false;forest;1
331;1;120;135;land;false;plains;1
332;1;123;95;land;true;plains;1
333;1;123;145;land;false;forest;1
334;1;123;200;land;false;forest;1
335;1;126;60;land;false;plains;1
336;1;126;165;land;false;plains;1
337;1;129;25;land;true;hills;1
338;1;129;80;land;false;plains;6
339;1;129;130;land;false;forest;6
340;1;132;45;land;false;plains;1
341;1;132;90;land;false;plains;1
342;1;132;195;land;false;plains;1
343;1;135;10;land;false;plains;1
344;1;135;55;land;false;forest;1
345;1;135;160;land;false;plains;6
346;1;138;20;land;false;forest;1
347;1;138;75;land;false;forest;1
348;1;138;225;land;true;plains;1
349;1;141;40;land;true;forest;1
350;1;141;190;land;false;forest;1
351;1;144;155;land;true;urban;1
352;1;147;70;land;false;plains;1
353;1;147;175;land;false;hills;6
354;1;147;220;land;false;forest;1
355;1;150;35;land;false;forest;6
356;1;150;140;land;false;plains;1
357;1;150;185;land;false;forest;1
358;1;153;0;land;false;forest;1
359;1;153;150;land;false;plains;6
360;1;153;205;land;false;plains;1
361;1;156;65;land;false;forest;6
362;1;156;170;land;true;urban;1
363;1;159;30;land;false;forest;1
364;1;159;135;land;false;hills;1
365;1;162;50;land;false;plains;6
366;1;162;95;land;false;forest;1
367;1;165;15;land;false;plains;1
368;1;165;60;land;false;forest;6
369;1;165;165;land;false;plains;1
370;1;168;25;land;false;forest;6
371;1;168;80;land;false;forest;1
372;1;171;195;land;false;forest;6
373;1;173;10;land;true;plains;2
374;1;174;10;land;true;marsh;1
375;1;174;215;land;false;plains;1
376;1;177;75;land;false;forest;1
377;1;177;180;land;true;urban;1
378;1;177;225;land;false;plains;1
379;1;180;40;land;true;plains;3
380;1;180;145;land;false;forest;6
381;1;180;190;land;false;forest;6
382;1;183;5;land;false;forest;1
383;1;183;155;land;true;urban;1
384;1;183;210;land;false;plains;1
385;1;186;70;land;false;plains;1
386;1;186;175;land;false;plains;1
387;1;189;35;land;false;forest;1
388;1;189;90;land;false;forest;1
389;1;189;140;land;false;forest;1
390;1;192;0;land;false;forest;6
391;1;192;55;land;false;urban;1
392;1;192;205;land;false;hills;6
393;1;195;20;land;false;plains;6
394;1;195;65;land;true;plains;1
395;1;195;170;land;false;plains;1
396;1;198;85;land;false;forest;1
397;1;198;135;land;false;forest;1
398;1;201;50;land;false;plains;1
399;1;201;200;land;true;plains;1
400;1;204;15;land;false;forest;1
401;1;204;165;land;false;forest;1
402;1;204;220;land;false;plains;1
403;1;207;80;land;false;forest;6
404;1;207;130;land;false;forest;6
405;1;207;185;land;false;plains;1
406;1;210;45;land;false;plains;1
407;1;210;150;land;true;plains;1
408;1;210;195;land;true;plains;1
409;2;0;20;land;false;plains;1
410;2;0;65;land;false;plains;6
411;2;0;240;sea;true;ocean;0
412;2;2;248;sea;true;ocean;0
413;2;3;30;land;false;urban;1
414;2;3;85;land;false;plains;1
415;2;3;135;land;false;plains;1
416;2;4;236;sea;false;ocean;0
417;2;6;50;land;false;hills;1
418;2;6;200;land;false;urban;1
419;2;6;244;sea;true;ocean;0
420;2;8;232;sea;false;ocean;0
421;2;9;15;land;false;forest;1
422;2;9;165;land;false;plains;1
423;2;10;240;sea;true;ocean;0
424;2;12;80;land;false;hills;1
425;2;12;130;land;false;forest;1
426;2;12;185;land;false;plains;1
427;2;12;248;sea;true;ocean;0
428;2;14;236;sea;true;ocean;0
429;2;15;150;land;false;plains;1
430;2;15;244;sea;true;ocean;0
431;2;17;232;sea;false;ocean;0
432;2;18;10;land;false;desert;6
433;2;18;160;land;false;plains;1
434;2;18;215;land;false;plains;1
435;2;19;248;sea;true;ocean;0
436;2;20;236;sea;true;ocean;0
437;2;21;75;land;false;forest;1
438;2;21;180;land;false;forest;1
439;2;22;244;sea;false;ocean;0
440;2;23;232;sea;false;ocean;0
441;2;24;40;land;false;plains;1
442;2;24;145;land;false;plains;1
443;2;24;240;sea;false;ocean;0
444;2;27;5;land;false;forest;1
445;2;27;210;land;false;hills;1
446;2;27;236;sea;false;ocean;0
447;2;28;244;sea;false;ocean;0
448;2;29;232;sea;true;ocean;0
449;2;30;25;land;false;forest;1
450;2;31;240;sea;false;ocean;0
451;2;32;248;sea;true;ocean;0
452;2;33;35;land;false;hills;6
453;2;33;90;land;false;forest;1
454;2;33;140;land;false;forest;1
455;2;33;236;sea;false;ocean;0
456;2;34;244;sea;false;ocean;0
457;2;36;0;land;false;forest;1
458;2;36;55;land;false;plains;1
459;2;36;232;sea;false;ocean;0
460;2;37;240;sea;false;ocean;0
461;2;38;248;sea;false;ocean;0
462;2;39;20;land;false;forest;1
463;2;39;170;land;false;plains;1
464;2;39;225;land;true;desert;6
465;2;39;236;sea;false;ocean;0
466;2;42;85;land;false;hills;1
467;2;42;135;land;false;plains;1
468;2;42;190;land;false;desert;6
469;2;45;50;land;false;forest;1
470;2;51;80;land;false;hills;6
471;2;51;130;land;false;plains;1
472;2;51;185;land;false;plains;1
473;2;54;45;land;false;forest;1
474;2;57;10;land;false;forest;1
475;2;57;65;land;true;desert;6
476;2;57;215;land;false;plains;1
477;2;60;30;land;false;desert;6
478;2;60;75;land;false;forest;1
479;2;60;180;land;false;forest;1
480;2;63;40;land;true;plains;1
481;2;63;95;land;false;plains;1
482;2;63;145;land;false;hills;1
483;2;66;5;land;false;hills;6
484;2;66;60;land;false;forest;1
485;2;66;210;land;true;plains;1
486;2;69;25;land;false;plains;1
487;2;69;175;land;false;plains;1
488;2;72;90;land;false;plains;1
489;2;72;140;land;false;plains;1
490;2;72;195;land;true;forest;2
491;2;75;55;land;false;plains;1
492;2;75;160;land;false;forest;2
493;2;75;205;land;false;plains;1
494;2;78;20;land;false;plains;1
495;2;78;170;land;false;urban;1
496;2;78;225;land;false;forest;1
497;2;81;135;land;false;plains;6
498;2;81;190;land;false;plains;1
499;2;84;50;land;false;hills;6
500;2;84;155;land;false;plains;1
501;2;87;15;land;false;plains;1
502;2;87;220;land;false;plains;1
503;2;90;35;land;false;plains;1
504;2;90;185;land;false;plains;1
505;2;93;0;land;true;hills;2
506;2;93;150;land;false;forest;1
507;2;96;10;land;false;forest;1
508;2;99;180;land;false;desert;6
509;2;102;95;land;false;plains;1
510;2;102;145;land;false;forest;1
511;2;105;60;land;false;forest;1
512;2;105;165;land;false;plains;1
513;2;108;25;land;false;plains;1
514;2;111;90;land;false;urban;1
515;2;111;195;land;false;plains;2
516;2;114;55;land;false;urban;1
517;2;114;160;land;false;mountain;6
518;2;117;20;land;false;plains;1
519;2;117;75;land;false;hills;1
520;2;117;225;land;false;plains;6
521;2;120;40;land;false;mountain;1
522;2;120;85;land;false;plains;1
523;2;120;190;land;false;forest;1
524;2;123;50;land;false;plains;1
525;2;123;155;land;false;urban;1
526;2;126;15;land;false;plains;1
527;2;126;70;land;false;plains;1
528;2;129;35;land;false;forest;2
529;2;129;185;land;false;forest;1
530;2;132;0;land;false;plains;1
531;2;132;150;land;false;plains;6
532;2;132;205;land;false;forest;1
533;2;135;65;land;false;forest;1
534;2;135;215;land;false;plains;1
535;2;138;180;land;false;marsh;1
536;2;141;95;land;false;plains;1
537;2;141;145;land;false;forest;1
538;2;144;60;land;false;plains;1
539;2;144;165;land;false;hills;1
540;2;147;25;land;true;hills;1
541;2;147;80;land;false;forest;1
542;2;147;130;land;true;forest;1
543;2;150;45;land;false;hills;1
544;2;150;90;land;false;plains;1
545;2;150;195;land;false;desert;6
546;2;153;55;land;false;plains;1
547;2;153;160;land;false;plains;1
548;2;156;20;land;false;plains;1
549;2;156;75;land;false;hills;1
550;2;156;225;land;false;plains;1
551;2;159;40;land;false;plains;1
552;2;159;190;land;false;plains;1
553;2;162;5;land;false;plains;1
554;2;165;70;land;false;desert;6
555;2;165;175;land;false;forest;1
556;2;165;220;land;false;hills;6
557;2;168;140;land;false;plains;1
558;2;168;185;land;false;forest;1
559;2;171;0;land;false;plains;1
560;2;171;150;land;false;marsh;1
561;2;171;205;land;false;forest;1
562;2;174;65;land;false;plains;1
563;2;174;170;land;false;hills;1
564;2;177;30;land;false;forest;1
565;2;177;85;land;false;hills;1
566;2;180;95;land;false;forest;6
567;2;183;60;land;true;forest;1
568;2;183;165;land;true;plains;1
569;2;186;80;land;false;plains;1
570;2;186;130;land;false;forest;1
571;2;189;45;land;false;forest;1
572;2;189;195;land;false;plains;1
573;2;192;160;land;false;hills;1
574;2;192;215;land;false;plains;1
575;2;195;225;land;true;plains;1
576;2;198;40;land;false;desert;6
577;2;198;145;land;false;plains;1
578;2;198;190;land;false;plains;1
579;2;201;5;land;false;plains;1
580;2;201;155;land;false;forest;1
581;2;201;210;land;false;mountain;1
582;2;204;70;land;false;plains;1
583;2;204;175;land;false;plains;1
584;2;207;35;land;false;forest;1
585;2;207;90;land;false;plains;1
586;2;207;140;land;false;forest;1
587;2;210;0;land;false;urban;1
588;2;210;55;land;false;plains;1
589;2;210;205;land;false;plains;1
590;3;0;75;land;false;mountain;1
591;3;0;180;land;true;hills;1
592;3;0;225;land;false;forest;1
593;3;0;244;sea;true;ocean;0
594;3;2;232;sea;true;ocean;0
595;3;3;40;land;false;forest;1
596;3;3;145;land;false;hills;1
597;3;4;240;sea;true;ocean;0
598;3;6;5;land;false;hills;2
599;3;6;210;land;true;hills;1
600;3;6;248;sea;true;ocean;0
601;3;8;236;sea;false;ocean;0
602;3;9;70;land;true;forest;2
603;3;9;175;land;false;plains;1
604;3;10;244;sea;true;ocean;0
605;3;12;35;land;false;forest;2
606;3;12;90;land;false;hills;1
607;3;12;140;land;false;plains;1
608;3;12;232;sea;true;ocean;0
609;3;14;240;sea;true;ocean;0
610;3;15;0;land;true;mountain;2
611;3;15;205;land;false;mountain;1
612;3;15;248;sea;false;ocean;0
613;3;17;236;sea;false;ocean;0
614;3;18;20;land;false;hills;1
615;3;18;65;land;true;desert;6
616;3;19;232;sea;true;ocean;0
617;3;20;240;sea;false;ocean;0
618;3;21;30;land;false;desert;6
619;3;21;85;land;false;plains;1
620;3;21;135;land;false;forest;1
621;3;22;248;sea;false;ocean;0
622;3;23;236;sea;false;ocean;0
623;3;23;240;sea;false;ocean;0
624;3;24;50;land;false;plains;1
625;3;24;200;land;false;forest;1
626;3;24;244;sea;false;ocean;0
627;3;25;232;sea;false;ocean;0
628;3;27;15;land;true;plains;1
629;3;27;165;land;false;plains;1
630;3;27;220;land;false;forest;1
631;3;27;240;sea;true;ocean;0
632;3;28;248;sea;false;ocean;0
633;3;29;236;sea;true;ocean;0
634;3;30;130;land;false;forest;2
635;3;31;244;sea;false;ocean;0
636;3;33;45;land;false;mountain;1
637;3;33;150;land;false;forest;1
638;3;33;195;land;false;plains;2
639;3;33;240;sea;false;ocean;0
640;3;34;248;sea;false;ocean;0
641;3;36;10;land;false;plains;1
642;3;36;160;land;true;desert;6
643;3;36;236;sea;false;ocean;0
644;3;37;244;sea;false;ocean;0
645;3;38;232;sea;false;ocean;0
646;3;39;180;land;false;plains;1
647;3;39;240;sea;false;ocean;0
648;3;42;40;land;false;forest;1
649;3;42;95;land;false;plains;1
650;3;42;145;land;false;hills;3
651;3;45;5;land;false;plains;1
652;3;45;60;land;false;mountain;7
653;3;45;210;land;false;mountain;1
654;3;48;25;land;false;hills;7
655;3;48;70;land;false;plains;1
656;3;48;175;land;false;mountain;1
657;3;51;90;land;true;plains;1
658;3;51;140;land;false;mountain;1
659;3;54;0;land;false;plains;2
660;3;54;55;land;false;forest;1
661;3;54;205;land;false;mountain;1
662;3;57;20;land;false;hills;1
663;3;57;170;land;false;urban;1
664;3;57;225;land;false;hills;6
665;3;63;50;land;false;forest;1
666;3;63;155;land;false;hills;1
667;3;63;200;land;false;plains;1
668;3;66;15;land;false;mountain;1
669;3;66;165;land;false;plains;1
670;3;66;220;land;false;hills;1
671;3;69;80;land;false;mountain;1
672;3;69;185;land;false;hills;7
673;3;72;45;land;false;mountain;1
674;3;72;150;land;false;plains;1
675;3;75;65;land;false;forest;6
676;3;75;215;land;false;plains;1
677;3;78;30;land;true;hills;2
678;3;78;75;land;false;hills;1
679;3;78;180;land;false;plains;1
680;3;81;40;land;false;plains;1
681;3;81;95;land;false;plains;6
682;3;81;145;land;false;plains;1
683;3;84;60;land;false;plains;1
684;3;84;210;land;false;plains;1
685;3;87;25;land;false;mountain;1
686;3;87;175;land;false;plains;1
687;3;90;90;land;true;plains;1
688;3;90;140;land;false;forest;1
689;3;90;195;land;false;plains;2
690;3;93;55;land;false;mountain;1
691;3;93;160;land;false;plains;2
692;3;93;205;land;false;urban;1
693;3;96;20;land;false;mountain;1
694;3;96;170;land;false;hills;1
695;3;96;225;land;false;plains;2
696;3;99;85;land;false;hills;1
697;3;99;90;land;false;forest;5
698;3;99;135;land;false;hills;1
699;3;102;50;land;false;plains;1
700;3;102;155;land;true;plains;1
701;3;105;15;land;false;forest;1
702;3;105;70;land;false;forest;2
703;3;108;35;land;false;forest;2
704;3;108;80;land;false;hills;1
705;3;108;185;land;true;plains;1
706;3;111;0;land;false;forest;2
707;3;111;45;land;false;mountain;1
708;3;114;10;land;false;plains;1
709;3;114;65;land;true;forest;2
710;3;117;30;land;false;mountain;2
711;3;117;180;land;false;mountain;1
712;3;120;95;land;false;plains;1
713;3;120;145;land;false;forest;1
714;3;123;60;land;false;plains;1
715;3;123;165;land;false;forest;2
716;3;123;210;land;false;plains;1
717;3;126;25;land;true;mountain;1
718;3;126;130;land;false;forest;2
719;3;129;90;land;true;hills;1
720;3;129;195;land;false;plains;2
721;3;132;55;land;true;plains;1
722;3;132;160;land;true;hills;2
723;3;135;20;land;false;plains;1
724;3;135;75;land;false;hills;1
725;3;135;225;land;false;hills;6
726;3;138;40;land;false;hills;1
727;3;138;85;land;false;mountain;1
728;3;138;190;land;false;forest;1
729;3;141;5;land;false;forest;1
730;3;141;50;land;false;plains;1
731;3;141;155;land;false;plains;1
732;3;141;209;land;false;forest;1
733;3;144;70;land;false;mountain;2
734;3;147;35;land;true;hills;2
735;3;147;185;land;false;plains;1
736;3;150;0;land;false;plains;2
737;3;150;150;land;false;plains;1
738;3;150;205;land;false;mountain;1
739;3;153;65;land;false;plains;6
740;3;153;170;land;true;urban;1
741;3;153;215;land;false;plains;1
742;3;156;30;land;false;hills;1
743;3;156;135;land;true;forest;1
744;3;156;180;land;false;plains;1
745;3;159;95;land;false;plains;1
746;3;159;145;land;false;plains;1
747;3;159;200;land;true;mountain;1
748;3;165;25;land;false;plains;1
749;3;165;130;land;true;plains;2
750;3;168;90;land;true;marsh;1
751;3;168;195;land;true;forest;2
752;3;171;10;land;false;plains;1
753;3;171;160;land;false;hills;6
754;3;174;20;land;false;plains;1
755;3;174;75;land;false;forest;1
756;3;174;225;land;false;desert;6
757;3;177;190;land;true;plains;6
758;3;180;5;land;true;forest;1
759;3;180;155;land;false;plains;6
760;3;180;210;land;false;hills;1
761;3;183;70;land;true;forest;2
762;3;183;175;land;false;plains;1
763;3;186;35;land;false;forest;2
764;3;186;140;land;false;mountain;1
765;3;186;185;land;false;plains;1
766;3;189;0;land;false;mountain;2
767;3;189;150;land;false;plains;1
768;3;192;65;land;false;plains;2
769;3;192;170;land;false;hills;1
770;3;195;85;land;false;plains;1
771;3;198;50;land;false;mountain;1
772;3;198;95;land;true;plains;7
773;3;201;15;land;false;plains;1
774;3;201;165;land;false;plains;2
775;3;204;25;land;false;plains;1
776;3;204;80;land;false;plains;1
777;3;204;130;land;true;forest;2
778;3;207;45;land;false;mountain;1
779;3;207;195;land;true;forest;2
780;3;210;10;land;false;plains;1
781;3;210;160;land;false;mountain;2
782;3;210;215;land;true;plains;1
783;4;0;30;land;false;hills;6
784;4;0;85;land;false;mountain;7
785;4;0;135;land;false;mountain;7
786;4;0;248;sea;true;ocean;0
787;4;2;236;sea;false;ocean;0
788;4;3;50;land;true;plains;2
789;4;3;95;land;false;hills;7
790;4;3;200;land;false;plains;1
791;4;4;244;sea;false;ocean;0
792;4;6;15;land;true;mountain;7
793;4;6;60;land;false;plains;1
794;4;6;165;land;false;plains;1
795;4;6;232;sea;false;ocean;0
796;4;8;240;sea;false;ocean;0
797;4;9;25;land;false;hills;1
798;4;9;80;land;false;mountain;1
799;4;9;130;land;true;forest;1
800;4;12;45;land;false;hills;6
801;4;12;195;land;false;mountain;2
802;4;12;236;sea;false;ocean;0
803;4;14;244;sea;true;ocean;0
804;4;15;10;land;false;plains;7
805;4;15;160;land;false;forest;2
806;4;15;215;land;true;mountain;7
807;4;15;232;sea;true;ocean;0
808;4;17;240;sea;false;ocean;0
809;4;18;180;land;false;hills;1
810;4;18;225;land;false;hills;6
811;4;19;236;sea;true;ocean;0
812;4;20;244;sea;true;ocean;0
813;4;21;40;land;false;hills;1
814;4;21;145;land;false;plains;6
815;4;22;232;sea;false;ocean;0
816;4;23;240;sea;false;ocean;0
817;4;24;5;land;false;plains;1
818;4;24;155;land;false;plains;1
819;4;24;210;land;true;urban;1
820;4;24;248;sea;false;ocean;0
821;4;25;236;sea;false;ocean;0
822;4;27;70;land;false;hills;2
823;4;27;175;land;false;mountain;2
824;4;27;244;sea;false;ocean;0
825;4;28;232;sea;false;ocean;0
826;4;29;240;sea;true;ocean;0
827;4;30;35;land;false;plains;2
828;4;30;90;land;false;hills;6
829;4;30;140;land;false;desert;7
830;4;31;248;sea;false;ocean;0
831;4;33;0;land;false;plains;2
832;4;33;55;land;false;hills;1
833;4;33;205;land;false;mountain;1
834;4;33;244;sea;false;ocean;0
835;4;34;232;sea;false;ocean;0
836;4;36;20;land;false;mountain;6
837;4;36;65;land;false;hills;6
838;4;36;240;sea;false;ocean;0
839;4;37;248;sea;false;ocean;0
840;4;38;236;sea;false;ocean;0
841;4;39;85;land;false;mountain;1
842;4;39;244;sea;false;ocean;0
843;4;40;248;sea;true;ocean;0
844;4;42;50;land;false;plains;1
845;4;42;200;land;false;hills;1
846;4;45;15;land;false;plains;6
847;4;45;165;land;false;forest;2
848;4;45;220;land;true;hills;6
849;4;48;80;land;true;plains;1
850;4;48;130;land;false;mountain;2
851;4;48;185;land;true;forest;1
852;4;51;150;land;false;hills;6
853;4;51;195;land;false;desert;2
854;4;54;10;land;true;forest;1
855;4;54;160;land;true;plains;6
856;4;54;215;land;false;mountain;7
857;4;57;75;land;false;hills;1
858;4;57;180;land;false;hills;1
859;4;60;40;land;true;plains;2
860;4;60;95;land;false;plains;2
861;4;60;145;land;false;mountain;6
862;4;63;5;land;false;hills;2
863;4;63;60;land;false;mountain;1
864;4;63;210;land;false;mountain;7
865;4;66;25;land;true;forest;2
866;4;66;70;land;true;plains;2
867;4;66;175;land;false;mountain;1
868;4;69;35;land;false;mountain;2
869;4;69;90;land;false;plains;7
870;4;72;0;land;false;plains;2
871;4;72;55;land;false;mountain;1
872;4;72;205;land;false;hills;1
873;4;75;20;land;true;forest;2
874;4;75;170;land;false;plains;1
875;4;75;225;land;false;hills;1
876;4;78;85;land;false;plains;7
877;4;78;135;land;false;plains;1
878;4;81;50;land;false;hills;1
879;4;81;155;land;false;hills;1
880;4;84;165;land;false;plains;2
881;4;84;220;land;false;forest;6
882;4;87;130;land;true;plains;2
883;4;87;185;land;true;plains;1
884;4;90;45;land;false;mountain;1
885;4;93;10;land;false;hills;1
886;4;93;65;land;false;mountain;7
887;4;93;215;land;false;hills;6
888;4;96;30;land;false;plains;1
889;4;96;75;land;false;forest;1
890;4;96;180;land;false;mountain;7
891;4;99;40;land;false;hills;2
892;4;99;95;land;false;mountain;6
893;4;99;145;land;false;hills;1
894;4;102;5;land;false;hills;2
895;4;102;60;land;true;plains;1
896;4;105;25;land;false;plains;1
897;4;105;175;land;false;mountain;1
898;4;108;90;land;true;mountain;6
899;4;108;140;land;false;mountain;1
900;4;108;195;land;false;forest;6
901;4;111;55;land;false;desert;7
902;4;111;160;land;true;hills;1
903;4;111;205;land;false;plains;1
904;4;114;20;land;true;plains;7
905;4;114;170;land;true;plains;2
906;4;114;225;land;false;hills;6
907;4;117;85;land;false;hills;1
908;4;117;135;land;false;forest;2
909;4;117;190;land;false;hills;7
910;4;120;50;land;false;hills;1
911;4;123;15;land;true;forest;1
912;4;123;70;land;true;hills;6
913;4;123;220;land;false;forest;2
914;4;126;35;land;true;hills;1
915;4;126;80;land;false;mountain;1
916;4;126;185;land;false;plains;6
917;4;129;0;land;false;mountain;2
918;4;129;45;land;false;plains;1
919;4;129;150;land;false;plains;7
920;4;132;10;land;false;plains;1
921;4;132;65;land;false;plains;7
922;4;132;215;land;true;plains;1
923;4;135;30;land;true;mountain;1
924;4;138;95;land;false;plains;1
925;4;138;145;land;true;hills;1
926;4;138;200;land;false;plains;2
927;4;141;60;land;false;hills;6
928;4;141;165;land;false;plains;7
929;4;141;210;land;false;plains;1
930;4;144;25;land;false;plains;6
931;4;144;130;land;false;plains;1
932;4;144;175;land;false;hills;1
933;4;147;90;land;false;hills;7
934;4;147;195;land;false;hills;6
935;4;150;55;land;false;hills;1
936;4;150;160;land;false;mountain;1
937;4;153;20;land;false;mountain;1
938;4;153;75;land;false;mountain;1
939;4;153;225;land;false;mountain;1
940;4;156;40;land;false;mountain;7
941;4;156;190;land;false;mountain;2
942;4;159;5;land;false;plains;1
943;4;159;50;land;false;plains;1
944;4;159;155;land;false;mountain;6
945;4;162;70;land;false;hills;6
946;4;162;220;land;false;plains;6
947;4;165;35;land;true;mountain;7
948;4;168;0;land;false;hills;1
949;4;168;150;land;false;urban;1
950;4;168;205;land;false;hills;1
951;4;171;65;land;false;mountain;2
952;4;171;170;land;false;forest;6
953;4;171;215;land;false;mountain;1
954;4;174;30;land;false;forest;2
955;4;174;135;land;true;mountain;1
956;4;174;180;land;false;hills;1
957;4;177;95;land;true;urban;6
958;4;177;145;land;false;plains;1
959;4;177;200;land;true;hills;6
960;4;180;60;land;false;mountain;7
961;4;180;165;land;false;mountain;7
962;4;183;80;land;true;hills;1
963;4;183;130;land;false;mountain;1
964;4;186;45;land;true;mountain;6
965;4;186;90;land;false;hills;1
966;4;189;10;land;false;mountain;1
967;4;189;55;land;true;hills;1
968;4;189;160;land;false;hills;2
969;4;192;20;land;false;plains;1
970;4;192;75;land;true;plains;1
971;4;192;225;land;false;hills;2
972;4;195;40;land;false;forest;6
973;4;195;190;land;false;hills;6
974;4;198;5;land;false;mountain;1
975;4;198;155;land;true;mountain;7
976;4;198;210;land;true;hills;1
977;4;201;70;land;false;mountain;1
978;4;201;175;land;false;hills;6
979;4;201;220;land;true;mountain;7
980;4;204;35;land;true;plains;1
981;4;204;140;land;false;mountain;7
982;4;204;185;land;false;mountain;1
983;4;207;0;land;false;forest;2
984;4;207;150;land;false;hills;1
985;4;207;205;land;false;hills;1
986;4;210;65;land;true;hills;2
987;4;210;170;land;false;plains;6
988;5;0;40;land;false;jungle;5
989;5;0;190;land;true;mountain;5
990;5;0;232;sea;true;ocean;0
991;5;2;240;sea;true;ocean;0
992;5;3;5;land;false;desert;5
993;5;3;155;land;false;plains;6
994;5;3;210;land;true;plains;6
995;5;4;244;sea;true;ocean;0
996;5;6;70;land;false;hills;6
997;5;6;175;land;false;forest;6
998;5;6;220;land;true;plains;6
999;5;6;236;sea;false;ocean;0
1000;5;8;244;sea;false;ocean;0
1001;5;9;35;land;false;forest;6
1002;5;9;140;land;true;plains;6
1003;5;9;185;land;true;plains;6
1004;5;12;0;land;false;plains;6
1005;5;12;150;land;true;mountain;7
1006;5;12;205;land;false;mountain;6
1007;5;12;240;sea;false;ocean;0
1008;5;14;248;sea;false;ocean;0
1009;5;15;65;land;true;plains;1
1010;5;15;170;land;false;hills;6
1011;5;15;236;sea;false;ocean;0
1012;5;17;244;sea;false;ocean;0
1013;5;18;30;land;true;plains;5
1014;5;18;85;land;true;jungle;6
1015;5;18;135;land;true;desert;7
1016;5;19;240;sea;false;ocean;0
1017;5;20;248;sea;false;ocean;0
1018;5;21;50;land;true;forest;6
1019;5;21;95;land;true;marsh;2
1020;5;21;200;land;true;hills;6
1021;5;22;236;sea;false;ocean;0
1022;5;23;244;sea;false;ocean;0
1023;5;24;15;land;false;mountain;6
1024;5;24;60;land;true;hills;6
1025;5;24;165;land;true;urban;6
1026;5;25;240;sea;false;ocean;0
1027;5;27;25;land;false;forest;6
1028;5;27;80;land;false;mountain;5
1029;5;27;130;land;true;plains;6
1030;5;27;248;sea;false;ocean;0
1031;5;28;236;sea;false;ocean;0
1032;5;29;244;sea;false;ocean;0
1033;5;30;45;land;true;mountain;7
1034;5;30;195;land;false;hills;6
1035;5;31;232;sea;false;ocean;0
1036;5;33;10;land;false;forest;6
1037;5;33;160;land;false;plains;5
1038;5;33;215;land;true;forest;6
1039;5;33;248;sea;false;ocean;0
1040;5;34;236;sea;false;ocean;0
1041;5;36;75;land;true;desert;5
1042;5;36;180;land;true;jungle;4
1043;5;36;225;land;false;desert;5
1044;5;37;232;sea;false;ocean;0
1045;5;38;240;sea;false;ocean;0
1046;5;39;40;land;false;hills;5
1047;5;39;145;land;true;urban;6
1048;5;39;190;land;true;plains;1
1049;5;39;248;sea;false;ocean;0
1050;5;40;232;sea;true;ocean;0
1051;5;42;5;land;true;hills;6
1052;5;42;155;land;true;plains;6
1053;5;42;210;land;false;plains;6
1054;5;45;70;land;true;hills;6
1055;5;45;175;land;true;mountain;6
1056;5;48;35;land;false;mountain;7
1057;5;48;140;land;true;desert;7
1058;5;51;0;land;false;mountain;5
1059;5;51;55;land;false;forest;6
1060;5;51;205;land;false;desert;5
1061;5;54;20;land;true;marsh;6
1062;5;54;170;land;false;mountain;5
1063;5;57;30;land;true;forest;6
1064;5;57;85;land;false;desert;5
1065;5;57;135;land;true;hills;7
1066;5;60;50;land;false;mountain;6
1067;5;60;200;land;true;hills;6
1068;5;63;15;land;false;desert;5
1069;5;63;165;land;false;urban;6
1070;5;63;220;land;true;plains;6
1071;5;66;80;land;true;desert;5
1072;5;66;130;land;false;mountain;7
1073;5;66;185;land;false;plains;6
1074;5;69;45;land;false;mountain;7
1075;5;69;150;land;false;forest;6
1076;5;72;10;land;false;plains;6
1077;5;72;160;land;true;marsh;2
1078;5;72;215;land;false;plains;6
1079;5;75;75;land;false;plains;5
1080;5;75;180;land;false;mountain;5
1081;5;78;40;land;false;hills;6
1082;5;78;95;land;false;plains;6
1083;5;78;145;land;false;forest;6
1084;5;81;5;land;false;plains;6
1085;5;81;60;land;true;jungle;4
1086;5;81;210;land;false;urban;7
1087;5;84;25;land;false;plains;6
1088;5;84;70;land;true;plains;7
1089;5;84;175;land;true;hills;6
1090;5;87;35;land;false;mountain;1
1091;5;87;90;land;true;plains;6
1092;5;87;140;land;true;urban;6
1093;5;90;0;land;false;plains;1
1094;5;90;55;land;false;mountain;6
1095;5;90;205;land;false;desert;5
1096;5;93;20;land;true;hills;6
1097;5;93;170;land;false;mountain;6
1098;5;93;225;land;true;jungle;6
1099;5;96;85;land;false;plains;6
1100;5;96;135;land;false;plains;6
1101;5;96;190;land;false;forest;6
1102;5;99;50;land;true;mountain;5
1103;5;99;155;land;false;plains;6
1104;5;99;200;land;true;hills;6
1105;5;102;15;land;false;desert;5
1106;5;102;165;land;true;plains;1
1107;5;102;220;land;false;mountain;6
1108;5;105;80;land;true;mountain;7
1109;5;105;130;land;true;forest;1
1110;5;105;185;land;false;hills;6
1111;5;108;45;land;false;mountain;5
1112;5;108;150;land;true;mountain;7
1113;5;111;10;land;false;hills;6
1114;5;111;65;land;false;hills;6
1115;5;111;215;land;false;desert;5
1116;5;114;30;land;false;plains;6
1117;5;114;75;land;true;hills;6
1118;5;114;180;land;true;hills;5
1119;5;117;40;land;true;plains;7
1120;5;117;95;land;false;plains;6
1121;5;117;145;land;false;hills;6
1122;5;120;5;land;true;mountain;7
1123;5;120;60;land;true;plains;6
1124;5;120;210;land;false;hills;6
1125;5;123;25;land;false;mountain;6
1126;5;123;175;land;false;desert;5
1127;5;126;90;land;true;mountain;5
1128;5;126;140;land;false;hills;5
1129;5;126;195;land;false;mountain;6
1130;5;129;55;land;true;mountain;5
1131;5;129;160;land;false;hills;6
1132;5;129;205;land;true;plains;2
1133;5;132;20;land;true;hills;6
1134;5;132;170;land;false;forest;6
1135;5;132;225;land;true;plains;2
1136;5;135;85;land;true;hills;6
1137;5;135;135;land;false;mountain;6
1138;5;135;190;land;false;hills;6
1139;5;138;50;land;false;plains;6
1140;5;138;155;land;false;desert;5
1141;5;141;15;land;false;mountain;5
1142;5;141;70;land;true;hills;6
1143;5;141;220;land;false;desert;5
1144;5;144;35;land;false;plains;6
1145;5;144;80;land;true;urban;5
1146;5;144;185;land;false;plains;6
1147;5;147;0;land;false;desert;6
1148;5;147;45;land;true;hills;6
1149;5;147;150;land;true;urban;5
1150;5;150;10;land;true;urban;6
1151;5;150;65;land;false;desert;5
1152;5;150;215;land;false;mountain;5
1153;5;153;30;land;false;forest;6
1154;5;153;180;land;false;plains;6
1155;5;156;95;land;true;desert;7
1156;5;156;145;land;true;mountain;1
1157;5;156;200;land;true;forest;6
1158;5;159;60;land;true;plains;6
1159;5;159;165;land;true;plains;6
1160;5;159;210;land;true;hills;5
1161;5;162;25;land;false;hills;6
1162;5;162;130;land;false;plains;6
1163;5;162;175;land;true;plains;2
1164;5;165;90;land;true;hills;1
1165;5;165;140;land;true;hills;6
1166;5;165;195;land;false;mountain;6
1167;5;168;55;land;true;hills;6
1168;5;168;160;land;true;mountain;6
1169;5;171;20;land;false;plains;6
1170;5;171;75;land;false;hills;6
1171;5;171;225;land;false;plains;6
1172;5;174;40;land;false;mountain;6
1173;5;174;85;land;true;hills;1
1174;5;174;190;land;false;desert;5
1175;5;177;5;land;true;hills;6
1176;5;177;50;land;false;mountain;1
1177;5;177;155;land;true;plains;6
1178;5;180;15;land;false;plains;1
1179;5;180;70;land;true;mountain;6
1180;5;180;220;land;false;hills;6
1181;5;183;35;land;false;forest;5
1182;5;183;185;land;true;urban;6
1183;5;186;0;land;true;hills;6
1184;5;186;150;land;true;plains;6
1185;5;186;205;land;true;plains;6
1186;5;189;65;land;false;desert;5
1187;5;189;170;land;false;hills;6
1188;5;189;215;land;false;hills;6
1189;5;192;30;land;true;hills;5
1190;5;192;135;land;true;marsh;6
1191;5;195;95;land;true;hills;6
1192;5;195;145;land;false;mountain;1
1193;5;195;200;land;false;mountain;6
1194;5;198;60;land;true;plains;5
1195;5;198;165;land;false;hills;6
1196;5;201;25;land;false;mountain;6
1197;5;201;80;land;false;plains;6
1198;5;201;130;land;true;desert;5
1199;5;204;45;land;false;plains;6
1200;5;204;90;land;true;hills;6
1201;5;204;195;land;true;plains;7
1202;5;207;10;land;false;plains;6
1203;5;207;55;land;false;hills;6
1204;5;207;160;land;true;desert;5
1205;5;210;20;land;true;hills;1
1206;5;210;75;land;false;desert;5
1207;5;210;225;land;false;mountain;5
1208;6;0;95;land;true;jungle;6
1209;6;0;145;land;true;plains;6
1210;6;0;200;land;false;plains;6
1211;6;0;236;sea;true;ocean;0
1212;6;2;244;sea;true;ocean;0
1213;6;3;60;land;false;mountain;6
1214;6;3;165;land;true;forest;2
1215;6;4;232;sea;true;ocean;0
1216;6;6;80;land;false;mountain;6
1217;6;6;130;land;false;forest;4
1218;6;6;240;sea;false;ocean;0
1219;6;8;248;sea;false;ocean;0
1220;6;9;45;land;false;desert;6
1221;6;9;90;land;true;plains;6
1222;6;9;195;land;true;jungle;4
1223;6;12;10;land;false;desert;6
1224;6;12;55;land;true;jungle;6
1225;6;12;160;land;false;jungle;6
1226;6;12;244;sea;false;ocean;0
1227;6;14;232;sea;true;ocean;0
1228;6;15;20;land;false;forest;6
1229;6;15;75;land;false;plains;6
1230;6;15;225;land;false;jungle;6
1231;6;15;240;sea;false;ocean;0
1232;6;17;248;sea;false;ocean;0
1233;6;18;40;land;false;plains;6
1234;6;18;190;land;true;jungle;6
1235;6;19;244;sea;false;ocean;0
1236;6;20;232;sea;true;ocean;0
1237;6;21;5;land;true;plains;4
1238;6;21;155;land;true;plains;6
1239;6;21;210;land;false;desert;6
1240;6;22;240;sea;false;ocean;0
1241;6;23;248;sea;false;ocean;0
1242;6;24;70;land;true;jungle;4
1243;6;24;175;land;false;desert;6
1244;6;24;220;land;true;jungle;6
1245;6;25;244;sea;false;ocean;0
1246;6;27;35;land;true;jungle;6
1247;6;27;140;land;false;desert;6
1248;6;27;185;land;false;mountain;6
1249;6;27;232;sea;false;ocean;0
1250;6;28;240;sea;false;ocean;0
1251;6;29;248;sea;false;ocean;0
1252;6;30;0;land;true;jungle;6
1253;6;30;150;land;false;hills;6
1254;6;30;205;land;false;plains;6
1255;6;31;236;sea;false;ocean;0
1256;6;32;244;sea;true;ocean;0
1257;6;33;65;land;false;desert;6
1258;6;33;170;land;false;plains;6
1259;6;33;232;sea;false;ocean;0
1260;6;34;240;sea;false;ocean;0
1261;6;36;30;land;true;jungle;6
1262;6;36;85;land;false;hills;2
1263;6;36;135;land;true;plains;4
1264;6;36;248;sea;false;ocean;0
1265;6;37;236;sea;false;ocean;0
1266;6;38;244;sea;false;ocean;0
1267;6;39;50;land;false;mountain;6
1268;6;39;95;land;false;hills;6
1269;6;39;200;land;true;jungle;4
1270;6;39;232;sea;false;ocean;0
1271;6;40;236;sea;true;ocean;0
1272;6;42;15;land;false;desert;6
1273;6;42;60;land;true;mountain;6
1274;6;42;165;land;false;plains;6
1275;6;45;25;land;false;plains;6
1276;6;45;80;land;false;plains;6
1277;6;45;130;land;true;jungle;6
1278;6;48;45;land;false;plains;6
1279;6;48;195;land;true;plains;6
1280;6;51;10;land;true;plains;6
1281;6;51;160;land;true;plains;6
1282;6;51;215;land;false;forest;2
1283;6;54;75;land;true;jungle;4
1284;6;54;180;land;true;hills;2
1285;6;54;225;land;true;mountain;6
1286;6;57;40;land;true;jungle;4
1287;6;57;145;land;false;plains;6
1288;6;57;190;land;true;jungle;6
1289;6;60;5;land;true;jungle;6
1290;6;60;210;land;false;plains;6
1291;6;63;70;land;true;hills;6
1292;6;63;175;land;false;plains;6
1293;6;66;35;land;true;plains;6
1294;6;66;90;land;false;plains;6
1295;6;66;140;land;false;forest;6
1296;6;69;0;land;false;jungle;6
1297;6;69;55;land;false;forest;6
1298;6;69;205;land;true;jungle;6
1299;6;72;20;land;false;forest;2
1300;6;72;65;land;true;mountain;6
1301;6;72;170;land;true;jungle;4
1302;6;75;30;land;true;hills;6
1303;6;75;85;land;false;plains;6
1304;6;75;135;land;false;jungle;6
1305;6;78;50;land;false;plains;6
1306;6;78;200;land;true;jungle;6
1307;6;81;15;land;false;forest;6
1308;6;81;165;land;true;hills;6
1309;6;81;220;land;false;plains;6
1310;6;84;80;land;true;jungle;4
1311;6;84;130;land;true;jungle;6
1312;6;84;185;land;false;desert;6
1313;6;87;45;land;false;plains;6
1314;6;87;150;land;false;desert;6
1315;6;87;195;land;true;jungle;6
1316;6;90;10;land;true;jungle;6
1317;6;90;160;land;false;plains;6
1318;6;90;215;land;false;desert;6
1319;6;93;75;land;false;hills;6
1320;6;93;180;land;false;mountain;2
1321;6;96;40;land;true;plains;6
1322;6;96;95;land;true;hills;6
1323;6;96;145;land;false;forest;2
1324;6;99;5;land;false;forest;6
1325;6;99;60;land;false;mountain;6
1326;6;99;210;land;true;jungle;6
1327;6;102;25;land;false;plains;6
1328;6;102;70;land;false;mountain;6
1329;6;102;175;land;true;jungle;4
1330;6;105;35;land;true;urban;6
1331;6;105;90;land;false;desert;6
1332;6;105;140;land;true;jungle;6
1333;6;108;0;land;false;jungle;6
1334;6;108;55;land;false;plains;6
1335;6;108;205;land;false;mountain;6
1336;6;111;20;land;false;plains;6
1337;6;111;170;land;true;hills;6
1338;6;111;225;land;true;forest;2
1339;6;114;85;land;true;jungle;6
1340;6;114;135;land;true;jungle;6
1341;6;114;190;land;false;forest;2
1342;6;117;50;land;true;jungle;6
1343;6;117;155;land;false;hills;6
1344;6;117;200;land;false;plains;6
1345;6;120;15;land;true;jungle;6
1346;6;120;165;land;false;mountain;1
1347;6;120;220;land;false;mountain;2
1348;6;123;80;land;false;hills;6
1349;6;123;130;land;true;urban;6
1350;6;123;185;land;false;forest;6
1351;6;126;45;land;true;desert;6
1352;6;126;150;land;false;plains;2
1353;6;129;10;land;true;hills;6
1354;6;129;65;land;true;forest;2
1355;6;129;215;land;true;plains;6
1356;6;132;30;land;true;forest;2
1357;6;132;75;land;false;forest;6
1358;6;132;180;land;true;jungle;4
1359;6;135;40;land;false;plains;6
1360;6;135;95;land;false;desert;6
1361;6;135;145;land;true;jungle;4
1362;6;138;5;land;false;hills;6
1363;6;138;60;land;false;plains;6
1364;6;138;210;land;false;mountain;6
1365;6;141;25;land;false;plains;6
1366;6;141;175;land;true;jungle;6
1367;6;144;90;land;false;plains;6
1368;6;144;140;land;true;jungle;6
1369;6;144;195;land;false;forest;6
1370;6;147;55;land;true;jungle;4
1371;6;147;160;land;false;desert;6
1372;6;147;205;land;true;jungle;6
1373;6;150;20;land;false;plains;6
1374;6;150;170;land;false;forest;6
1375;6;150;225;land;false;plains;6
1376;6;153;85;land;true;jungle;6
1377;6;153;135;land;false;plains;6
1378;6;153;190;land;false;plains;6
1379;6;156;50;land;true;jungle;6
1380;6;156;155;land;false;forest;6
1381;6;159;15;land;true;plains;6
1382;6;159;70;land;false;desert;6
1383;6;159;220;land;false;plains;6
1384;6;162;35;land;false;mountain;6
1385;6;162;80;land;true;jungle;6
1386;6;162;185;land;true;hills;6
1387;6;165;0;land;false;forest;6
1388;6;165;45;land;true;jungle;6
1389;6;165;150;land;true;jungle;4
1390;6;168;10;land;false;forest;6
1391;6;168;65;land;false;plains;6
1392;6;168;215;land;false;hills;6
1393;6;171;30;land;true;mountain;2
1394;6;171;180;land;false;hills;6
1395;6;174;95;land;false;plains;6
1396;6;174;145;land;true;plains;6
1397;6;174;200;land;false;mountain;6
1398;6;177;60;land;true;jungle;6
1399;6;177;165;land;true;plains;6
1400;6;177;210;land;false;hills;6
1401;6;180;25;land;true;jungle;6
1402;6;180;130;land;false;desert;6
1403;6;180;175;land;true;jungle;6
1404;6;183;90;land;true;hills;6
1405;6;183;140;land;false;mountain;6
1406;6;183;195;land;false;plains;6
1407;6;186;55;land;false;jungle;6
1408;6;186;160;land;true;mountain;2
1409;6;189;20;land;false;plains;6
1410;6;189;225;land;true;forest;4
1411;6;192;40;land;false;mountain;2
1412;6;192;85;land;false;plains;6
1413;6;192;190;land;true;plains;6
1414;6;195;5;land;false;mountain;2
1415;6;195;50;land;true;plains;6
1416;6;195;155;land;true;jungle;6
1417;6;198;15;land;false;plains;6
1418;6;198;70;land;false;plains;6
1419;6;198;220;land;true;jungle;6
1420;6;201;35;land;true;forest;2
1421;6;201;185;land;true;plains;6
1422;6;204;0;land;true;forest;4
1423;6;204;150;land;true;plains;6
1424;6;204;205;land;true;forest;2
1425;6;207;65;land;true;mountain;6
1426;6;207;170;land;true;plains;2
1427;6;207;215;land;true;plains;6
1428;6;210;30;land;true;plains;6
1429;6;210;135;land;false;desert;6
1430;6;210;180;land;true;plains;6
1431;7;0;5;land;true;forest;4
1432;7;0;50;land;false;mountain;2
1433;7;0;155;land;false;forest;2
1434;7;0;240;sea;true;ocean;0
1435;7;2;248;sea;false;ocean;0
1436;7;3;15;land;false;hills;2
1437;7;3;70;land;true;plains;6
1438;7;3;220;land;false;mountain;6
1439;7;4;236;sea;true;ocean;0
1440;7;6;35;land;true;plains;3
1441;7;6;185;land;false;forest;2
1442;7;6;244;sea;false;ocean;0
1443;7;8;232;sea;false;ocean;0
1444;7;9;0;land;false;forest;6
1445;7;9;150;land;false;plains;2
1446;7;9;205;land;false;hills;3
1447;7;10;240;sea;false;ocean;0
1448;7;12;65;land;false;hills;6
1449;7;12;170;land;false;plains;3
1450;7;12;215;land;false;mountain;1
1451;7;12;248;sea;false;ocean;0
1452;7;14;236;sea;true;ocean;0
1453;7;15;30;land;false;marsh;2
1454;7;15;135;land;false;forest;4
1455;7;15;180;land;false;mountain;1
1456;7;15;244;sea;false;ocean;0
1457;7;17;232;sea;false;ocean;0
1458;7;18;95;land;false;mountain;6
1459;7;18;145;land;false;urban;6
1460;7;18;200;land;true;mountain;6
1461;7;19;248;sea;false;ocean;0
1462;7;20;236;sea;false;ocean;0
1463;7;21;60;land;false;mountain;7
1464;7;21;165;land;false;forest;6
1465;7;22;244;sea;false;ocean;0
1466;7;23;232;sea;false;ocean;0
1467;7;24;25;land;false;mountain;7
1468;7;24;80;land;true;mountain;5
1469;7;24;130;land;false;plains;6
1470;7;24;240;sea;false;ocean;0
1471;7;25;248;sea;false;ocean;0
1472;7;27;45;land;false;forest;4
1473;7;27;90;land;false;plains;5
1474;7;27;195;land;false;plains;6
1475;7;27;236;sea;false;ocean;0
1476;7;28;244;sea;false;ocean;0
1477;7;29;232;sea;false;ocean;0
1478;7;30;10;land;false;forest;4
1479;7;30;55;land;false;desert;6
1480;7;30;160;land;true;forest;2
1481;7;31;240;sea;false;ocean;0
1482;7;32;248;sea;true;ocean;0
1483;7;33;20;land;false;mountain;6
1484;7;33;75;land;true;mountain;6
1485;7;33;225;land;false;plains;2
1486;7;33;236;sea;false;ocean;0
1487;7;34;244;sea;false;ocean;0
1488;7;36;40;land;false;mountain;6
1489;7;36;190;land;false;plains;6
1490;7;37;240;sea;false;ocean;0
1491;7;38;248;sea;false;ocean;0
1492;7;39;5;land;false;forest;6
1493;7;39;155;land;false;desert;6
1494;7;39;210;land;false;hills;5
1495;7;39;236;sea;false;ocean;0
1496;7;40;240;sea;true;ocean;0
1497;7;42;70;land;false;hills;6
1498;7;42;175;land;false;desert;4
1499;7;42;220;land;false;plains;6
1500;7;45;35;land;true;marsh;2
1501;7;45;140;land;true;forest;4
1502;7;45;185;land;false;hills;6
1503;7;48;0;land;false;forest;2
1504;7;48;150;land;false;plains;6
1505;7;48;205;land;true;mountain;6
1506;7;51;65;land;false;mountain;2
1507;7;51;170;land;false;mountain;6
1508;7;54;30;land;false;forest;6
1509;7;54;85;land;false;desert;5
1510;7;54;135;land;false;forest;6
1511;7;57;50;land;true;forest;4
1512;7;57;95;land;true;plains;6
1513;7;57;200;land;true;plains;3
1514;7;60;15;land;true;plains;4
1515;7;60;60;land;true;plains;6
1516;7;60;165;land;false;forest;5
1517;7;63;25;land;true;desert;6
1518;7;63;80;land;true;jungle;6
1519;7;63;130;land;false;mountain;6
1520;7;66;45;land;false;forest;6
1521;7;66;195;land;false;mountain;7
1522;7;69;10;land;false;hills;6
1523;7;69;160;land;false;plains;2
1524;7;69;215;land;false;hills;3
1525;7;72;75;land;false;mountain;6
1526;7;72;180;land;false;plains;4
1527;7;72;225;land;false;plains;2
1528;7;75;40;land;false;forest;2
1529;7;75;145;land;false;hills;3
1530;7;75;190;land;false;hills;7
1531;7;78;5;land;false;mountain;6
1532;7;78;155;land;false;desert;6
1533;7;78;210;land;false;jungle;6
1534;7;81;70;land;false;plains;2
1535;7;81;175;land;false;plains;6
1536;7;84;35;land;true;plains;7
1537;7;84;90;land;false;mountain;4
1538;7;84;140;land;false;forest;6
1539;7;87;0;land;false;mountain;7
1540;7;87;55;land;true;forest;4
1541;7;87;205;land;false;plains;6
1542;7;90;20;land;false;forest;3
1543;7;90;65;land;false;plains;6
1544;7;90;170;land;false;mountain;7
1545;7;93;30;land;false;forest;6
1546;7;93;85;land;true;mountain;4
1547;7;93;135;land;true;plains;2
1548;7;96;50;land;false;plains;6
1549;7;96;200;land;false;desert;7
1550;7;99;15;land;true;plains;3
1551;7;99;165;land;false;mountain;6
1552;7;99;220;land;false;hills;5
1553;7;102;80;land;false;mountain;6
1554;7;102;130;land;false;desert;6
1555;7;102;185;land;false;plains;3
1556;7;105;45;land;true;forest;2
1557;7;105;150;land;false;forest;4
1558;7;105;195;land;false;plains;6
1559;7;108;10;land;false;plains;2
1560;7;108;160;land;false;hills;2
1561;7;108;215;land;false;mountain;6
1562;7;111;75;land;true;hills;2
1563;7;111;180;land;false;hills;6
1564;7;114;40;land;false;plains;2
1565;7;114;95;land;true;forest;4
1566;7;114;145;land;false;mountain;6
1567;7;117;5;land;false;plains;6
1568;7;117;60;land;false;hills;3
1569;7;117;210;land;false;plains;6
1570;7;120;25;land;false;plains;4
1571;7;120;70;land;false;mountain;6
1572;7;120;175;land;true;forest;2
1573;7;123;35;land;false;desert;6
1574;7;123;90;land;true;jungle;6
1575;7;123;140;land;false;hills;6
1576;7;126;0;land;false;desert;6
1577;7;126;55;land;false;forest;6
1578;7;126;205;land;false;desert;7
1579;7;129;20;land;false;plains;6
1580;7;129;225;land;false;plains;5
1581;7;132;85;land;false;plains;6
1582;7;132;135;land;false;hills;2
1583;7;132;190;land;false;forest;3
1584;7;135;50;land;true;forest;2
1585;7;135;155;land;false;plains;3
1586;7;135;200;land;false;plains;2
1587;7;138;15;land;false;plains;2
1588;7;138;165;land;false;plains;6
1589;7;138;220;land;true;jungle;6
1590;7;141;80;land;false;mountain;6
1591;7;141;130;land;false;urban;6
1592;7;141;185;land;false;forest;6
1593;7;144;45;land;true;desert;6
1594;7;144;150;land;true;plains;3
1595;7;147;10;land;false;plains;2
1596;7;147;65;land;false;plains;3
1597;7;147;215;land;false;plains;6
1598;7;150;30;land;false;hills;3
1599;7;150;75;land;false;urban;7
1600;7;150;180;land;false;desert;7
1601;7;153;40;land;false;mountain;2
1602;7;153;95;land;false;jungle;4
1603;7;153;145;land;false;forest;6
1604;7;156;5;land;false;plains;2
1605;7;156;60;land;false;hills;6
1606;7;156;210;land;false;desert;7
1607;7;159;25;land;false;mountain;6
1608;7;159;175;land;false;plains;6
1609;7;162;90;land;false;plains;6
1610;7;162;140;land;false;hills;7
1611;7;162;195;land;true;mountain;4
1612;7;165;55;land;false;plains;6
1613;7;165;160;land;false;plains;3
1614;7;165;205;land;false;plains;6
1615;7;168;20;land;false;plains;2
1616;7;168;170;land;false;mountain;1
1617;7;168;225;land;false;jungle;4
1618;7;171;85;land;false;hills;2
1619;7;171;135;land;true;forest;2
1620;7;171;190;land;false;forest;6
1621;7;174;50;land;false;forest;2
1622;7;174;155;land;false;mountain;6
1623;7;177;15;land;false;desert;6
1624;7;177;70;land;true;plains;3
1625;7;177;220;land;false;hills;6
1626;7;180;35;land;false;plains;3
1627;7;180;80;land;false;plains;6
1628;7;180;185;land;false;forest;6
1629;7;183;0;land;true;jungle;4
1630;7;183;45;land;false;hills;6
1631;7;183;150;land;false;desert;7
1632;7;186;10;land;false;desert;6
1633;7;186;65;land;true;plains;3
1634;7;186;215;land;false;desert;7
1635;7;189;30;land;true;plains;3
1636;7;189;180;land;false;mountain;7
1637;7;192;95;land;false;forest;6
1638;7;192;145;land;false;plains;6
1639;7;192;200;land;true;plains;3
1640;7;195;60;land;false;plains;6
1641;7;195;165;land;false;plains;3
1642;7;195;210;land;true;hills;6
1643;7;198;25;land;false;plains;2
1644;7;198;130;land;true;forest;4
1645;7;198;175;land;false;plains;6
1646;7;201;90;land;false;plains;2
1647;7;201;140;land;false;mountain;6
1648;7;201;195;land;true;mountain;6
1649;7;204;55;land;false;desert;6
1650;7;204;160;land;false;forest;6
1651;7;207;20;land;false;mountain;2
1652;7;207;75;land;true;urban;4
1653;7;207;225;land;false;mountain;6
1654;7;210;40;land;false;plains;3
1655;7;210;85;land;false;plains;2
1656;7;210;190;land;false;hills;6
1657;8;0;60;land;false;plains;2
1658;8;0;165;land;false;mountain;2
1659;8;0;210;land;false;marsh;6
1660;8;0;244;sea;true;ocean;0
1661;8;2;232;sea;true;ocean;0
1662;8;3;25;land;false;plains;6
1663;8;3;130;land;false;desert;2
1664;8;3;175;land;false;forest;6
1665;8;4;240;sea;true;ocean;0
1666;8;6;90;land;false;mountain;6
1667;8;6;140;land;false;plains;4
1668;8;6;195;land;false;desert;6
1669;8;6;248;sea;false;ocean;0
1670;8;8;236;sea;false;ocean;0
1671;8;9;55;land;false;hills;2
1672;8;9;160;land;false;forest;6
1673;8;10;244;sea;true;ocean;0
1674;8;12;20;land;false;forest;6
1675;8;12;75;land;false;mountain;6
1676;8;12;225;land;false;mountain;6
1677;8;12;232;sea;false;ocean;0
1678;8;15;40;land;false;hills;2
1679;8;15;85;land;false;forest;6
1680;8;15;190;land;false;plains;6
1681;8;15;248;sea;true;ocean;0
1682;8;17;236;sea;false;ocean;0
1683;8;18;5;land;false;plains;2
1684;8;18;50;land;false;forest;6
1685;8;18;155;land;false;forest;6
1686;8;19;232;sea;true;ocean;0
1687;8;20;240;sea;true;ocean;0
1688;8;21;15;land;false;mountain;5
1689;8;21;70;land;false;mountain;6
1690;8;21;220;land;false;plains;2
1691;8;22;248;sea;false;ocean;0
1692;8;23;236;sea;false;ocean;0
1693;8;24;35;land;false;plains;6
1694;8;24;185;land;false;plains;6
1695;8;26;232;sea;true;ocean;0
1696;8;27;0;land;false;forest;6
1697;8;27;150;land;false;forest;6
1698;8;27;205;land;false;mountain;6
1699;8;27;240;sea;false;ocean;0
1700;8;28;248;sea;false;ocean;0
1701;8;29;236;sea;true;ocean;0
1702;8;30;65;land;false;forest;6
1703;8;30;170;land;false;mountain;6
1704;8;30;215;land;false;forest;6
1705;8;31;244;sea;false;ocean;0
1706;8;32;232;sea;false;ocean;0
1707;8;33;30;land;false;forest;6
1708;8;33;135;land;false;mountain;6
1709;8;33;180;land;false;plains;6
1710;8;33;240;sea;false;ocean;0
1711;8;34;248;sea;false;ocean;0
1712;8;36;95;land;true;plains;2
1713;8;36;145;land;true;forest;4
1714;8;36;200;land;false;hills;6
1715;8;36;236;sea;false;ocean;0
1716;8;37;244;sea;false;ocean;0
1717;8;38;232;sea;false;ocean;0
1718;8;39;60;land;false;forest;6
1719;8;39;165;land;false;plains;2
1720;8;39;240;sea;false;ocean;0
1721;8;40;244;lake;false;lakes;0
1722;8;42;25;land;false;forest;6
1723;8;42;80;land;false;desert;6
1724;8;42;130;land;false;forest;6
1725;8;45;45;land;false;mountain;6
1726;8;45;90;land;false;marsh;6
1727;8;45;195;land;false;forest;6
1728;8;48;10;land;false;mountain;6
1729;8;48;55;land;false;forest;6
1730;8;48;160;land;false;forest;6
1731;8;51;20;land;false;jungle;5
1732;8;51;75;land;false;forest;6
1733;8;51;225;land;false;plains;6
1734;8;54;40;land;true;forest;2
1735;8;54;190;land;false;forest;6
1736;8;57;5;land;false;mountain;2
1737;8;57;155;land;false;forest;2
1738;8;57;210;land;false;plains;2
1739;8;60;70;land;false;forest;6
1740;8;60;175;land;false;mountain;2
1741;8;60;220;land;false;forest;6
1742;8;63;35;land;true;plains;6
1743;8;63;140;land;false;plains;6
1744;8;63;185;land;false;forest;6
1745;8;66;0;land;false;forest;6
1746;8;66;150;land;false;forest;4
1747;8;66;205;land;false;hills;2
1748;8;69;65;land;false;forest;6
1749;8;69;170;land;false;mountain;6
1750;8;72;30;land;false;forest;6
1751;8;72;85;land;true;plains;6
1752;8;72;135;land;false;plains;2
1753;8;75;50;land;false;plains;2
1754;8;75;95;land;false;forest;6
1755;8;75;200;land;true;hills;6
1756;8;78;15;land;false;mountain;2
1757;8;78;60;land;false;marsh;6
1758;8;78;165;land;false;hills;2
1759;8;81;25;land;true;plains;4
1760;8;81;80;land;false;forest;2
1761;8;81;130;land;false;mountain;6
1762;8;84;45;land;false;forest;6
1763;8;84;195;land;false;forest;2
1764;8;87;10;land;false;forest;2
1765;8;87;160;land;false;forest;6
1766;8;87;215;land;false;mountain;6
1767;8;90;75;land;false;plains;2
1768;8;90;225;land;false;forest;6
1769;8;93;40;land;false;forest;2
1770;8;93;145;land;false;hills;2
1771;8;93;190;land;false;forest;6
1772;8;96;5;land;true;forest;6
1773;8;96;155;land;true;plains;4
1774;8;96;210;land;false;mountain;6
1775;8;99;70;land;false;plains;6
1776;8;99;175;land;false;mountain;6
1777;8;102;35;land;false;forest;6
1778;8;102;90;land;false;hills;6
1779;8;102;140;land;false;plains;6
1780;8;105;0;land;false;forest;6
1781;8;105;55;land;false;desert;6
1782;8;105;205;land;false;forest;2
1783;8;108;20;land;false;mountain;6
1784;8;108;65;land;false;forest;6
1785;8;108;170;land;false;plains;2
1786;8;111;30;land;false;mountain;4
1787;8;111;85;land;false;desert;6
1788;8;111;135;land;false;plains;2
1789;8;114;50;land;false;mountain;2
1790;8;114;200;land;false;plains;6
1791;8;117;15;land;false;forest;6
1792;8;117;165;land;false;forest;6
1793;8;117;220;land;false;mountain;2
1794;8;120;80;land;false;plains;6
1795;8;120;130;land;false;forest;6
1796;8;120;185;land;false;desert;6
1797;8;123;45;land;false;plains;6
1798;8;123;150;land;false;plains;6
1799;8;123;195;land;true;mountain;2
1800;8;126;10;land;false;plains;6
1801;8;126;160;land;true;forest;4
1802;8;126;215;land;false;forest;6
1803;8;129;75;land;false;forest;6
1804;8;129;180;land;false;plains;2
1805;8;132;40;land;false;forest;6
1806;8;132;95;land;false;hills;2
1807;8;132;145;land;false;forest;6
1808;8;135;5;land;false;forest;6
1809;8;135;60;land;false;plains;2
1810;8;135;210;land;false;forest;6
1811;8;138;25;land;false;hills;6
1812;8;138;70;land;false;marsh;6
1813;8;138;175;land;false;forest;6
1814;8;141;35;land;true;forest;4
1815;8;141;90;land;false;desert;2
1816;8;141;140;land;false;forest;6
1817;8;144;0;land;false;forest;5
1818;8;144;55;land;false;hills;6
1819;8;144;205;land;false;plains;6
1820;8;147;20;land;true;hills;6
1821;8;147;170;land;false;urban;6
1822;8;147;225;land;false;mountain;7
1823;8;150;85;land;true;plains;6
1824;8;150;135;land;false;forest;6
1825;8;150;190;land;false;desert;6
1826;8;153;50;land;false;forest;6
1827;8;153;155;land;false;mountain;2
1828;8;153;200;land;false;forest;6
1829;8;156;15;land;false;forest;6
1830;8;156;165;land;true;forest;2
1831;8;156;220;land;false;hills;2
1832;8;159;80;land;false;hills;2
1833;8;159;130;land;true;mountain;5
1834;8;159;185;land;false;forest;6
1835;8;162;45;land;false;forest;6
1836;8;162;150;land;false;plains;2
1837;8;165;10;land;false;forest;6
1838;8;165;65;land;false;hills;6
1839;8;165;215;land;true;forest;6
1840;8;168;30;land;false;mountain;6
1841;8;168;75;land;false;forest;6
1842;8;168;180;land;false;mountain;6
1843;8;171;40;land;true;marsh;2
1844;8;171;95;land;false;mountain;6
1845;8;171;145;land;false;forest;6
1846;8;174;5;land;false;mountain;5
1847;8;174;60;land;false;forest;6
1848;8;174;210;land;false;plains;2
1849;8;177;25;land;true;forest;2
1850;8;177;175;land;false;forest;6
1851;8;180;90;land;false;plains;2
1852;8;180;140;land;false;forest;6
1853;8;180;195;land;false;desert;6
1854;8;183;55;land;false;mountain;2
1855;8;183;160;land;false;mountain;6
1856;8;183;205;land;false;marsh;6
1857;8;186;20;land;false;plains;2
1858;8;186;170;land;false;mountain;2
1859;8;186;225;land;false;plains;6
1860;8;189;85;land;false;plains;6
1861;8;189;135;land;false;mountain;4
1862;8;189;190;land;false;desert;2
1863;8;192;50;land;true;mountain;6
1864;8;192;155;land;false;hills;6
1865;8;195;15;land;true;mountain;6
1866;8;195;70;land;false;plains;2
1867;8;195;220;land;false;hills;2
1868;8;198;35;land;false;hills;6
1869;8;198;80;land;true;plains;2
1870;8;198;185;land;false;plains;2
1871;8;201;0;land;false;plains;6
1872;8;201;45;land;false;mountain;2
1873;8;201;150;land;false;forest;2
1874;8;204;10;land;false;forest;5
1875;8;204;65;land;false;plains;2
1876;8;204;215;land;false;forest;6
1877;8;207;30;land;false;hills;6
1878;8;207;180;land;false;forest;6
1879;8;210;95;land;false;plains;6
1880;8;210;145;land;false;plains;6
1881;8;210;200;land;false;plains;2
1882;9;0;15;land;false;desert;6
1883;9;0;70;land;false;plains;5
1884;9;0;220;land;false;hills;6
1885;9;0;248;sea;true;ocean;0
1886;9;2;236;sea;true;ocean;0
1887;9;3;35;land;false;plains;3
1888;9;3;80;land;false;mountain;7
1889;9;3;185;land;true;mountain;7
1890;9;4;244;sea;true;ocean;0
1891;9;6;0;land;false;plains;5
1892;9;6;45;land;true;mountain;2
1893;9;6;150;land;false;mountain;6
1894;9;6;232;sea;false;ocean;0
1895;9;8;240;sea;false;ocean;0
1896;9;9;10;land;false;urban;7
1897;9;9;65;land;false;desert;5
1898;9;9;215;land;false;mountain;6
1899;9;10;248;sea;true;ocean;0
1900;9;12;30;land;false;mountain;2
1901;9;12;180;land;false;desert;5
1902;9;12;236;sea;false;ocean;0
1903;9;15;95;land;true;plains;5
1904;9;15;145;land;true;desert;2
1905;9;15;200;land;false;plains;5
1906;9;15;232;sea;false;ocean;0
1907;9;17;240;sea;false;ocean;0
1908;9;18;60;land;false;desert;6
1909;9;18;165;land;true;forest;5
1910;9;18;210;land;false;mountain;6
1911;9;19;236;sea;true;ocean;0
1912;9;20;244;sea;false;ocean;0
1913;9;21;25;land;true;marsh;2
1914;9;21;130;land;false;plains;5
1915;9;21;175;land;false;plains;2
1916;9;22;232;sea;false;ocean;0
1917;9;23;240;sea;false;ocean;0
1918;9;24;90;land;false;mountain;6
1919;9;24;140;land;false;mountain;6
1920;9;24;195;land;true;mountain;7
1921;9;26;236;sea;false;ocean;0
1922;9;27;55;land;false;desert;7
1923;9;27;160;land;true;mountain;7
1924;9;27;244;sea;false;ocean;0
1925;9;28;232;sea;false;ocean;0
1926;9;29;240;sea;true;ocean;0
1927;9;30;20;land;false;forest;2
1928;9;30;75;land;false;jungle;3
1929;9;30;225;land;false;forest;5
1930;9;31;248;sea;false;ocean;0
1931;9;32;236;sea;false;ocean;0
1932;9;33;40;land;false;forest;5
1933;9;33;85;land;false;mountain;6
1934;9;33;190;land;false;mountain;6
1935;9;33;244;sea;false;ocean;0
1936;9;34;232;sea;false;ocean;0
1937;9;36;5;land;true;plains;3
1938;9;36;50;land;false;desert;7
1939;9;36;155;land;false;mountain;5
1940;9;36;240;sea;false;ocean;0
1941;9;37;248;sea;false;ocean;0
1942;9;38;236;sea;false;ocean;0
1943;9;39;15;land;false;mountain;6
1944;9;39;70;land;true;forest;3
1945;9;39;220;land;true;plains;2
1946;9;39;244;sea;false;ocean;0
1947;9;42;35;land;true;desert;7
1948;9;42;185;land;false;desert;7
1949;9;45;0;land;false;plains;6
1950;9;45;150;land;false;jungle;5
1951;9;45;205;land;true;forest;5
1952;9;48;65;land;false;mountain;2
1953;9;48;170;land;false;forest;5
1954;9;48;215;land;false;mountain;2
1955;9;51;30;land;true;desert;7
1956;9;51;135;land;false;desert;5
1957;9;51;180;land;false;desert;7
1958;9;54;95;land;false;desert;5
1959;9;54;145;land;false;desert;6
1960;9;54;200;land;false;plains;5
1961;9;57;60;land;false;desert;6
1962;9;57;165;land;false;desert;5
1963;9;60;25;land;false;desert;7
1964;9;60;80;land;false;desert;5
1965;9;60;130;land;false;urban;2
1966;9;63;45;land;true;mountain;5
1967;9;63;90;land;false;desert;5
1968;9;63;195;land;false;forest;5
1969;9;66;10;land;false;plains;5
1970;9;66;55;land;false;mountain;6
1971;9;66;160;land;false;plains;6
1972;9;69;20;land;false;mountain;2
1973;9;69;75;land;false;mountain;7
1974;9;69;225;land;false;forest;5
1975;9;72;40;land;false;plains;5
1976;9;72;190;land;false;hills;6
1977;9;75;5;land;true;mountain;5
1978;9;75;155;land;false;mountain;6
1979;9;75;210;land;false;jungle;3
1980;9;78;70;land;false;desert;6
1981;9;78;175;land;true;jungle;3
1982;9;78;220;land;false;mountain;7
1983;9;81;35;land;false;hills;6
1984;9;81;140;land;false;mountain;5
1985;9;81;185;land;false;hills;6
1986;9;84;0;land;false;desert;7
1987;9;84;150;land;false;hills;2
1988;9;84;205;land;true;jungle;3
1989;9;87;65;land;false;desert;5
1990;9;87;170;land;false;hills;6
1991;9;90;30;land;false;desert;6
1992;9;90;85;land;false;forest;5
1993;9;90;135;land;false;forest;5
1994;9;93;50;land;false;desert;5
1995;9;93;95;land;false;mountain;6
1996;9;93;200;land;false;mountain;6
1997;9;96;15;land;true;mountain;3
1998;9;96;60;land;false;plains;2
1999;9;96;165;land;false;mountain;6
2000;9;99;25;land;false;mountain;6
2001;9;99;80;land;false;plains;5
2002;9;99;130;land;false;plains;6
2003;9;102;45;land;true;mountain;5
2004;9;102;195;land;false;plains;7
2005;9;105;10;land;false;plains;6
2006;9;105;160;land;false;hills;6
2007;9;105;215;land;false;jungle;3
2008;9;108;75;land;false;mountain;2
2009;9;108;180;land;false;mountain;5
2010;9;108;225;land;false;desert;6
2011;9;111;40;land;false;mountain;2
2012;9;111;145;land;false;plains;5
2013;9;111;190;land;false;desert;7
2014;9;114;5;land;false;desert;6
2015;9;114;155;land;false;desert;6
2016;9;114;210;land;false;plains;5
2017;9;117;70;land;false;desert;7
2018;9;117;175;land;false;desert;7
2019;9;120;35;land;false;plains;2
2020;9;120;90;land;false;desert;5
2021;9;120;140;land;true;jungle;2
2022;9;123;0;land;false;hills;6
2023;9;123;55;land;false;mountain;3
2024;9;123;205;land;false;forest;5
2025;9;126;20;land;false;forest;5
2026;9;126;65;land;false;desert;7
2027;9;126;170;land;false;mountain;7
2028;9;129;30;land;false;desert;6
2029;9;129;85;land;true;mountain;7
2030;9;129;135;land;false;plains;6
2031;9;132;50;land;true;jungle;3
2032;9;132;200;land;false;plains;6
2033;9;135;15;land;true;desert;7
2034;9;135;165;land;false;forest;5
2035;9;135;220;land;true;jungle;3
2036;9;138;80;land;false;plains;6
2037;9;138;130;land;false;desert;2
2038;9;138;185;land;true;forest;5
2039;9;141;45;land;false;desert;7
2040;9;141;150;land;false;hills;5
2041;9;141;195;land;false;mountain;6
2042;9;144;10;land;true;plains;2
2043;9;144;160;land;false;hills;2
2044;9;144;215;land;false;desert;5
2045;9;147;75;land;false;hills;6
2046;9;147;180;land;false;desert;5
2047;9;150;95;land;false;mountain;6
2048;9;150;145;land;true;desert;7
2049;9;153;5;land;false;desert;5
2050;9;153;60;land;true;urban;5
2051;9;153;210;land;true;forest;2
2052;9;156;25;land;false;mountain;3
2053;9;156;70;land;false;mountain;6
2054;9;156;175;land;false;plains;6
2055;9;159;35;land;false;hills;2
2056;9;159;90;land;false;plains;5
2057;9;159;140;land;false;desert;7
2058;9;162;0;land;false;plains;6
2059;9;162;55;land;false;desert;7
2060;9;162;205;land;false;plains;2
2061;9;165;20;land;false;hills;6
2062;9;165;170;land;false;desert;7
2063;9;165;225;land;false;desert;5
2064;9;168;85;land;false;desert;5
2065;9;168;135;land;false;mountain;7
2066;9;168;190;land;false;desert;5
2067;9;171;50;land;false;mountain;6
2068;9;171;155;land;false;desert;5
2069;9;171;200;land;true;desert;2
2070;9;174;15;land;false;mountain;7
2071;9;174;165;land;false;hills;7
2072;9;174;220;land;false;mountain;5
2073;9;177;80;land;false;jungle;5
2074;9;177;130;land;false;mountain;6
2075;9;177;185;land;true;jungle;3
2076;9;180;45;land;false;mountain;6
2077;9;180;150;land;true;jungle;3
2078;9;183;10;land;false;desert;6
2079;9;183;65;land;false;mountain;3
2080;9;183;215;land;false;jungle;5
2081;9;186;30;land;false;plains;5
2082;9;186;75;land;false;plains;2
2083;9;186;180;land;false;mountain;2
2084;9;189;40;land;false;mountain;6
2085;9;189;95;land;true;forest;3
2086;9;189;145;land;false;urban;6
2087;9;192;5;land;false;desert;6
2088;9;192;60;land;false;plains;5
2089;9;192;210;land;true;plains;7
2090;9;195;25;land;false;mountain;7
2091;9;195;175;land;false;hills;6
2092;9;198;90;land;false;plains;6
2093;9;198;140;land;false;desert;6
2094;9;198;195;land;true;forest;5
2095;9;201;55;land;true;mountain;7
2096;9;201;160;land;false;plains;5
2097;9;201;205;land;false;urban;7
2098;9;204;20;land;false;desert;6
2099;9;204;170;land;false;mountain;6
2100;9;204;225;land;false;plains;5
2101;9;207;85;land;false;mountain;7
2102;9;207;135;land;false;plains;2
2103;9;207;190;land;true;mountain;7
2104;9;210;50;land;false;mountain;2
2105;9;210;155;land;false;plains;6
2106;10;0;175;land;false;forest;3
2107;10;0;232;sea;true;ocean;0
2108;10;2;240;sea;true;ocean;0
2109;10;3;140;land;false;forest;3
2110;10;4;248;sea;true;ocean;0
2111;10;6;205;land;false;forest;3
2112;10;6;236;sea;false;ocean;0
2113;10;8;244;sea;false;ocean;0
2114;10;9;20;land;false;plains;4
2115;10;9;170;land;true;forest;5
2116;10;12;85;land;false;plains;4
2117;10;12;135;land;false;jungle;6
2118;10;12;240;sea;false;ocean;0
2119;10;14;248;sea;true;ocean;0
2120;10;15;50;land;true;forest;5
2121;10;15;236;sea;true;ocean;0
2122;10;17;244;sea;false;ocean;0
2123;10;18;15;land;true;forest;5
2124;10;19;240;sea;true;ocean;0
2125;10;20;248;sea;true;ocean;0
2126;10;21;80;land;false;forest;5
2127;10;22;236;sea;false;ocean;0
2128;10;23;244;sea;false;ocean;0
2129;10;24;45;land;false;mountain;4
2130;10;24;150;land;false;forest;4
2131;10;26;240;sea;false;ocean;0
2132;10;27;10;land;true;plains;3
2133;10;27;215;land;false;desert;4
2134;10;28;236;sea;false;ocean;0
2135;10;29;244;sea;true;ocean;0
2136;10;30;180;land;false;mountain;3
2137;10;31;232;sea;false;ocean;0
2138;10;32;240;sea;false;ocean;0
2139;10;33;145;land;false;plains;4
2140;10;33;248;sea;false;ocean;0
2141;10;34;236;sea;false;ocean;0
2142;10;36;210;land;false;jungle;3
2143;10;36;244;sea;false;ocean;0
2144;10;37;232;sea;false;ocean;0
2145;10;38;240;sea;false;ocean;0
2146;10;39;25;land;false;plains;4
2147;10;39;175;land;false;jungle;3
2148;10;39;248;sea;false;ocean;0
2149;10;42;90;land;false;desert;3
2150;10;42;140;land;false;forest;3
2151;10;45;55;land;false;plains;5
2152;10;48;20;land;false;forest;3
2153;10;51;85;land;true;mountain;3
2154;10;54;50;land;false;jungle;5
2155;10;54;155;land;false;plains;4
2156;10;57;15;land;true;desert;3
2157;10;57;220;land;false;forest;4
2158;10;60;185;land;false;desert;3
2159;10;63;150;land;false;forest;5
2160;10;66;215;land;false;forest;3
2161;10;69;30;land;true;mountain;3
2162;10;69;180;land;false;mountain;3
2163;10;72;95;land;false;forest;4
2164;10;72;145;land;false;plains;3
2165;10;75;60;land;true;plains;5
2166;10;78;25;land;true;plains;4
2167;10;81;90;land;false;plains;3
2168;10;84;55;land;false;jungle;3
2169;10;84;160;land;false;mountain;3
2170;10;87;20;land;false;mountain;6
2171;10;87;225;land;false;mountain;5
2172;10;90;190;land;false;forest;3
2173;10;93;155;land;false;forest;3
2174;10;96;220;land;false;desert;3
2175;10;99;35;land;true;plains;3
2176;10;99;185;land;false;forest;5
2177;10;102;0;land;false;desert;4
2178;10;102;150;land;false;hills;3
2179;10;105;65;land;false;mountain;3
2180;10;108;30;land;false;forest;5
2181;10;111;95;land;false;plains;3
2182;10;114;60;land;false;mountain;3
2183;10;114;165;land;true;plains;4
2184;10;117;25;land;false;jungle;6
2185;10;117;130;land;false;forest;3
2186;10;120;195;land;false;desert;4
2187;10;123;160;land;false;plains;4
2188;10;126;225;land;true;jungle;5
2189;10;129;40;land;true;mountain;4
2190;10;129;190;land;false;plains;3
2191;10;132;5;land;true;desert;4
2192;10;132;155;land;false;forest;5
2193;10;135;70;land;true;forest;5
2194;10;138;35;land;false;forest;3
2195;10;141;0;land;false;forest;3
2196;10;144;65;land;true;forest;5
2197;10;144;170;land;true;plains;4
2198;10;147;30;land;false;jungle;3
2199;10;147;135;land;false;mountain;3
2200;10;150;200;land;true;mountain;5
2201;10;153;165;land;true;desert;4
2202;10;156;130;land;true;forest;5
2203;10;159;45;land;true;hills;4
2204;10;159;195;land;false;jungle;3
2205;10;162;10;land;false;desert;4
2206;10;162;160;land;false;hills;5
2207;10;165;75;land;true;desert;5
2208;10;168;40;land;false;forest;3
2209;10;171;5;land;false;forest;3
2210;10;174;70;land;true;mountain;3
2211;10;174;175;land;true;hills;4
2212;10;177;35;land;false;jungle;3
2213;10;177;140;land;false;plains;5
2214;10;180;0;land;false;jungle;3
2215;10;180;205;land;false;mountain;3
2216;10;183;170;land;false;forest;5
2217;10;186;135;land;false;forest;5
2218;10;189;200;land;false;plains;3
2219;10;192;15;land;true;hills;4
2220;10;192;165;land;false;forest;5
2221;10;195;80;land;false;desert;4
2222;10;195;130;land;false;hills;6
2223;10;198;45;land;false;desert;4
2224;10;201;10;land;false;mountain;3
2225;10;204;75;land;true;mountain;3
2226;10;207;40;land;false;jungle;3
2227;10;207;145;land;true;plains;3
2228;10;210;5;land;true;forest;3
2229;10;210;210;land;true;desert;5
2230;11;0;236;sea;true;ocean;0
2231;11;2;244;sea;true;ocean;0
2232;11;4;232;sea;true;ocean;0
2233;11;6;240;sea;false;ocean;0
2234;11;8;248;sea;false;ocean;0
2235;11;12;244;sea;false;ocean;0
2236;11;14;232;sea;true;ocean;0
2237;11;15;240;sea;false;ocean;0
2238;11;17;248;sea;false;ocean;0
2239;11;19;244;sea;true;ocean;0
2240;11;20;232;sea;true;ocean;0
2241;11;22;240;sea;false;ocean;0
2242;11;23;248;sea;false;ocean;0
2243;11;26;244;sea;false;ocean;0
2244;11;27;232;sea;false;ocean;0
2245;11;28;240;sea;false;ocean;0
2246;11;29;248;sea;true;ocean;0
2247;11;31;236;sea;false;ocean;0
2248;11;32;244;sea;false;ocean;0
2249;11;33;232;sea;false;ocean;0
2250;11;34;240;sea;false;ocean;0
2251;11;36;248;sea;false;ocean;0
2252;11;37;236;sea;false;ocean;0
2253;11;38;244;sea;false;ocean;0
2254;11;40;232;sea;false;ocean;0
2255;11;40;236;lake;false;lakes;5
2256;12;0;240;sea;true;ocean;0
2257;12;2;248;sea;true;ocean;0
2258;12;4;236;sea;true;ocean;0
2259;12;6;244;sea;false;ocean;0
2260;12;8;232;sea;false;ocean;0
2261;12;10;240;sea;true;ocean;0
2262;12;12;248;sea;false;ocean;0
2263;12;15;244;sea;true;ocean;0
2264;12;17;232;sea;false;ocean;0
2265;12;19;248;sea;true;ocean;0
2266;12;20;236;sea;false;ocean;0
2267;12;22;244;sea;false;ocean;0
2268;12;23;232;sea;false;ocean;0
2269;12;26;248;sea;false;ocean;0
2270;12;27;236;sea;true;ocean;0
2271;12;28;244;sea;false;ocean;0
2272;12;29;232;sea;true;ocean;0
2273;12;31;240;sea;false;ocean;0
2274;12;32;248;sea;false;ocean;0
2275;12;33;236;sea;false;ocean;0
2276;12;34;244;sea;false;ocean;0
2277;12;36;232;sea;false;ocean;0
2278;12;37;240;sea;false;ocean;0
2279;12;38;248;sea;false;ocean;0
2280;12;40;236;sea;false;ocean;0
2281;12;40;240;lake;false;lakes;5
2282;13;0;244;sea;true;ocean;0
2283;13;2;232;sea;false;ocean;0
2284;13;4;240;sea;true;ocean;0
2285;13;6;248;sea;false;ocean;0
2286;13;8;236;sea;false;ocean;0
2287;13;10;244;sea;true;ocean;0
2288;13;12;232;sea;false;ocean;0
2289;13;15;248;sea;false;ocean;0
2290;13;17;236;sea;false;ocean;0
2291;13;19;232;sea;true;ocean;0
2292;13;20;240;sea;false;ocean;0
2293;13;22;248;sea;false;ocean;0
2294;13;23;236;sea;false;ocean;0
2295;13;26;232;sea;false;ocean;0
2296;13;27;240;sea;false;ocean;0
2297;13;28;248;sea;false;ocean;0
2298;13;29;236;sea;false;ocean;0
2299;13;31;244;sea;false;ocean;0
2300;13;32;232;sea;false;ocean;0
2301;13;33;240;sea;false;ocean;0
2302;13;34;248;sea;false;ocean;0
2303;13;36;236;sea;false;ocean;0
2304;13;36;248;sea;false;ocean;0
2305;13;37;244;sea;false;ocean;0
2306;13;38;232;sea;false;ocean;0
2307;13;40;240;sea;false;ocean;0
2308;13;40;244;lake;false;lakes;5
2309;14;0;248;sea;true;ocean;0
2310;14;2;236;sea;false;ocean;0
2311;14;4;244;sea;true;ocean;0
2312;14;6;232;sea;false;ocean;0
2313;14;8;240;sea;false;ocean;0
2314;14;12;236;sea;false;ocean;0
2315;14;15;232;sea;false;ocean;0
2316;14;17;240;sea;false;ocean;0
2317;14;19;236;sea;true;ocean;0
2318;14;20;244;sea;false;ocean;0
2319;14;22;232;sea;false;ocean;0
2320;14;23;240;sea;false;ocean;0
2321;14;26;236;sea;false;ocean;0
2322;14;27;244;sea;true;ocean;0
2323;14;28;232;sea;false;ocean;0
2324;14;29;240;sea;false;ocean;0
2325;14;31;248;sea;false;ocean;0
2326;14;32;236;sea;false;ocean;0
2327;14;33;244;sea;false;ocean;0
2328;14;34;232;sea;false;ocean;0
2329;14;37;248;sea;false;ocean;0
2330;14;38;236;sea;false;ocean;0
2331;14;40;244;sea;false;ocean;0
2332;14;40;248;sea;true;lakes;0
2333;15;0;232;sea;true;ocean;0
2334;15;2;240;sea;false;ocean;0
2335;15;4;248;sea;true;ocean;0
2336;15;6;236;sea;false;ocean;0
2337;15;8;244;sea;false;ocean;0
2338;15;12;240;sea;false;ocean;0
2339;15;15;236;sea;true;ocean;0
2340;15;17;244;sea;false;ocean;0
2341;15;19;240;sea;false;ocean;0
2342;15;20;248;sea;false;ocean;0
2343;15;22;236;sea;false;ocean;0
2344;15;23;244;sea;false;ocean;0
2345;15;26;240;sea;false;ocean;0
2346;15;27;248;sea;true;ocean;0
2347;15;28;236;sea;false;ocean;0
2348;15;29;244;sea;false;ocean;0
2349;15;31;232;sea;false;ocean;0
2350;15;32;240;sea;false;ocean;0
2351;15;33;248;sea;false;ocean;0
2352;15;34;236;sea;false;ocean;0
2353;15;36;244;sea;false;ocean;0
2354;15;37;232;sea;false;ocean;0
2355;15;38;240;sea;false;ocean;0
2356;15;40;232;sea;true;lakes;0
2357;15;40;248;sea;false;ocean;0
2358;16;0;236;sea;true;ocean;0
2359;16;2;244;sea;true;ocean;0
2360;16;4;232;sea;false;ocean;0
2361;16;6;240;sea;true;ocean;0
2362;16;8;248;sea;false;ocean;0
2363;16;12;244;sea;false;ocean;0
2364;16;15;240;sea;false;ocean;0
2365;16;17;248;sea;false;ocean;0
2366;16;18;236;sea;true;ocean;0
2367;16;19;244;sea;false;ocean;0
2368;16;21;232;sea;false;ocean;0
2369;16;22;240;sea;false;ocean;0
2370;16;23;248;sea;true;ocean;0
2371;16;26;244;sea;false;ocean;0
2372;16;28;240;sea;false;ocean;0
2373;16;29;248;sea;false;ocean;0
2374;16;31;236;sea;false;ocean;0
2375;16;32;244;sea;false;ocean;0
2376;16;33;232;sea;false;ocean;0
2377;16;34;240;sea;false;ocean;0
2378;16;37;236;sea;false;ocean;0
2379;16;38;244;sea;false;ocean;0
2380;16;40;232;sea;false;ocean;0
2381;16;43;179;sea;true;ocean;0
2382;17;0;240;sea;true;ocean;0
2383;17;2;248;sea;false;ocean;0
2384;17;4;236;sea;false;ocean;0
2385;17;6;244;sea;false;ocean;0
2386;17;8;232;sea;false;ocean;0
2387;17;12;248;sea;false;ocean;0
2388;17;14;236;sea;false;ocean;0
2389;17;15;244;sea;false;ocean;0
2390;17;17;232;sea;false;ocean;0
2391;17;19;248;sea;false;ocean;0
2392;17;21;236;sea;false;ocean;0
2393;17;22;244;sea;false;ocean;0
2394;17;23;232;sea;true;ocean;0
2395;17;26;248;sea;false;ocean;0
2396;17;27;236;sea;false;ocean;0
2397;17;28;244;sea;false;ocean;0
2398;17;29;232;sea;true;ocean;0
2399;17;31;240;sea;false;ocean;0
2400;17;32;248;sea;true;ocean;0
2401;17;33;236;sea;false;ocean;0
2402;17;34;244;sea;false;ocean;0
2403;17;36;232;sea;false;ocean;0
2404;17;37;240;sea;false;ocean;0
2405;17;38;248;sea;false;ocean;0
2406;17;40;236;sea;false;ocean;0
2407;17;40;240;land;false;forest;2
2408;18;0;244;sea;true;ocean;0
2409;18;2;232;sea;false;ocean;0
2410;18;4;240;sea;false;ocean;0
2411;18;6;248;sea;false;ocean;0
2412;18;8;236;sea;false;ocean;0
2413;18;12;232;sea;false;ocean;0
2414;18;15;248;sea;true;ocean;0
2415;18;17;236;sea;false;ocean;0
2416;18;19;232;sea;true;ocean;0
2417;18;21;240;sea;false;ocean;0
2418;18;22;248;sea;false;ocean;0
2419;18;23;236;sea;false;ocean;0
2420;18;26;232;sea;true;ocean;0
2421;18;27;240;sea;false;ocean;0
2422;18;28;248;sea;false;ocean;0
2423;18;29;236;sea;false;ocean;0
2424;18;31;244;sea;false;ocean;0
2425;18;32;232;sea;false;ocean;0
2426;18;33;240;sea;false;ocean;0
2427;18;34;248;sea;false;ocean;0
2428;18;37;244;sea;false;ocean;0
2429;18;38;232;sea;false;ocean;0
2430;18;40;240;sea;false;ocean;0
2431;19;0;248;sea;true;ocean;0
2432;19;2;236;sea;true;ocean;0
2433;19;4;244;sea;false;ocean;0
2434;19;6;232;sea;false;ocean;0
2435;19;8;240;sea;false;ocean;0
2436;19;10;248;sea;true;ocean;0
2437;19;12;236;sea;false;ocean;0
2438;19;15;232;sea;true;ocean;0
2439;19;17;240;sea;false;ocean;0
2440;19;19;236;sea;true;ocean;0
2441;19;21;244;sea;true;ocean;0
2442;19;22;232;sea;true;ocean;0
2443;19;23;240;sea;false;ocean;0
2444;19;26;236;sea;true;ocean;0
2445;19;27;244;sea;false;ocean;0
2446;19;28;232;sea;false;ocean;0
2447;19;29;240;sea;false;ocean;0
2448;19;31;248;sea;false;ocean;0
2449;19;32;236;sea;false;ocean;0
2450;19;33;244;sea;false;ocean;0
2451;19;35;232;sea;false;ocean;0
2452;19;37;248;sea;false;ocean;0
2453;19;38;236;sea;false;ocean;0
2454;19;40;244;sea;false;ocean;0
2455;20;0;232;sea;true;ocean;0
2456;20;2;240;sea;true;ocean;0
2457;20;4;248;sea;true;ocean;0
2458;20;6;236;sea;false;ocean;0
2459;20;8;244;sea;false;ocean;0
2460;20;10;232;sea;true;ocean;0
2461;20;12;240;sea;false;ocean;0
2462;20;15;236;sea;false;ocean;0
2463;20;17;244;sea;true;ocean;0
2464;20;19;240;sea;false;ocean;0
2465;20;21;248;sea;false;ocean;0
2466;20;22;236;sea;false;ocean;0
2467;20;23;244;sea;false;ocean;0
2468;20;24;232;sea;false;ocean;0
2469;20;26;240;sea;true;ocean;0
2470;20;27;248;sea;false;ocean;0
2471;20;28;236;sea;false;ocean;0
2472;20;29;244;sea;true;ocean;0
2473;20;31;232;sea;false;ocean;0
2474;20;32;240;sea;false;ocean;0
2475;20;33;248;sea;false;ocean;0
2476;20;35;236;sea;false;ocean;0
2477;20;37;232;sea;false;ocean;0
2478;20;38;240;sea;false;ocean;0
2479;20;40;248;sea;false;ocean;0
2480;21;2;244;sea;false;ocean;0
2481;21;3;236;sea;false;ocean;0
2482;21;4;232;sea;true;ocean;0
2483;21;6;240;sea;false;ocean;0
2484;21;8;248;sea;false;ocean;0
2485;21;10;236;sea;true;ocean;0
2486;21;12;244;sea;false;ocean;0
2487;21;15;240;sea;false;ocean;0
2488;21;17;248;sea;false;ocean;0
2489;21;18;236;land;true;plains;6
2490;21;19;244;sea;true;ocean;0
2491;21;21;232;sea;true;ocean;0
2492;21;22;240;sea;false;ocean;0
2493;21;23;248;sea;false;ocean;0
2494;21;24;236;sea;false;ocean;0
2495;21;26;244;sea;true;ocean;0
2496;21;27;232;sea;false;ocean;0
2497;21;28;240;sea;false;ocean;0
2498;21;29;248;sea;true;ocean;0
2499;21;31;236;sea;false;ocean;0
2500;21;32;244;sea;true;ocean;0
2501;21;33;232;sea;false;ocean;0
2502;21;35;240;sea;false;ocean;0
2503;21;37;236;sea;false;ocean;0
2504;21;38;244;sea;false;ocean;0
2505;21;40;232;sea;false;ocean;0
2506;22;0;240;sea;true;ocean;0
2507;22;2;248;sea;false;ocean;0
2508;22;4;236;sea;true;ocean;0
2509;22;8;232;sea;false;ocean;0
2510;22;10;240;sea;true;ocean;0
2511;22;12;248;sea;false;ocean;0
2512;22;15;244;sea;false;ocean;0
2513;22;17;232;sea;false;ocean;0
2514;22;19;248;sea;true;ocean;0
2515;22;21;236;sea;true;ocean;0
2516;22;22;244;sea;true;ocean;0
2517;22;23;232;sea;false;ocean;0
2518;22;24;240;sea;false;ocean;0
2519;22;26;248;sea;true;ocean;0
2520;22;27;236;sea;false;ocean;0
2521;22;28;244;sea;false;ocean;0
2522;22;29;232;sea;true;ocean;0
2523;22;31;240;sea;false;ocean;0
2524;22;33;236;sea;false;ocean;0
2525;22;35;244;sea;false;ocean;0
2526;22;36;232;sea;false;ocean;0
2527;22;37;240;sea;false;ocean;0
2528;22;38;248;sea;false;ocean;0
2529;22;40;236;sea;false;ocean;0
2530;23;0;244;sea;true;ocean;0
2531;23;2;232;sea;false;ocean;0
2532;23;4;240;sea;true;ocean;0
2533;23;8;236;sea;false;ocean;0
2534;23;10;244;sea;true;ocean;0
2535;23;15;248;sea;true;ocean;0
2536;23;17;236;sea;false;ocean;0
2537;23;19;232;sea;false;ocean;0
2538;23;21;240;sea;false;ocean;0
2539;23;22;248;sea;false;ocean;0
2540;23;23;236;sea;false;ocean;0
2541;23;24;244;sea;false;ocean;0
2542;23;26;232;sea;true;ocean;0
2543;23;27;240;sea;false;ocean;0
2544;23;28;248;sea;false;ocean;0
2545;23;29;236;sea;false;ocean;0
2546;23;31;244;sea;false;ocean;0
2547;23;32;232;sea;true;ocean;0
2548;23;33;240;sea;false;ocean;0
2549;23;35;248;sea;false;ocean;0
2550;23;36;236;sea;false;ocean;0
2551;23;37;244;sea;false;ocean;0
2552;23;38;232;sea;false;ocean;0
2553;23;40;240;sea;true;ocean;0
2554;24;0;248;sea;true;ocean;0
2555;24;2;236;sea;true;ocean;0
2556;24;6;232;sea;false;ocean;0
2557;24;8;240;sea;false;ocean;0
2558;24;16;232;sea;true;ocean;0
2559;24;17;240;sea;false;ocean;0
2560;24;18;248;sea;true;ocean;0
2561;24;19;236;sea;false;ocean;0
2562;24;21;244;sea;true;ocean;0
2563;24;22;232;sea;false;ocean;0
2564;24;23;240;sea;true;ocean;0
2565;24;24;248;sea;false;ocean;0
2566;24;26;236;sea;false;ocean;0
2567;24;27;244;sea;false;ocean;0
2568;24;28;232;sea;false;ocean;0
2569;24;29;240;sea;true;ocean;0
2570;24;31;248;sea;false;ocean;0
2571;24;32;236;sea;true;ocean;0
2572;24;33;244;sea;false;ocean;0
2573;24;35;232;sea;false;ocean;0
2574;24;36;240;sea;false;ocean;0
2575;24;37;248;sea;false;ocean;0
2576;24;38;236;sea;false;ocean;0
2577;24;40;244;sea;false;ocean;0
2578;25;0;232;sea;true;ocean;0
2579;25;2;240;sea;false;ocean;0
2580;25;4;248;sea;true;ocean;0
2581;25;6;236;sea;true;ocean;0
2582;25;8;244;sea;false;ocean;0
2583;25;10;232;sea;true;ocean;0
2584;25;12;240;sea;false;ocean;0
2585;25;16;236;sea;true;ocean;0
2586;25;17;244;sea;false;ocean;0
2587;25;19;240;sea;false;ocean;0
2588;25;21;248;sea;false;ocean;0
2589;25;22;236;sea;false;ocean;0
2590;25;23;244;sea;true;ocean;0
2591;25;24;232;sea;false;ocean;0
2592;25;26;240;sea;false;ocean;0
2593;25;27;248;sea;false;ocean;0
2594;25;28;236;sea;false;ocean;0
2595;25;29;244;sea;false;ocean;0
2596;25;31;232;sea;false;ocean;0
2597;25;32;240;sea;true;ocean;0
2598;25;33;248;sea;false;ocean;0
2599;25;35;236;sea;false;ocean;0
2600;25;36;244;sea;false;ocean;0
2601;25;37;232;sea;false;ocean;0
2602;25;38;240;sea;false;ocean;0
2603;25;40;248;sea;false;ocean;0
2604;26;0;236;sea;false;ocean;0
2605;26;2;244;sea;true;ocean;0
2606;26;4;232;sea;false;ocean;0
2607;26;6;240;sea;false;ocean;0
2608;26;8;248;sea;false;ocean;0
2609;26;10;236;sea;true;ocean;0
2610;26;12;244;sea;false;ocean;0
2611;26;16;240;sea;false;ocean;0
2612;26;17;248;sea;true;ocean;0
2613;26;18;236;sea;true;ocean;0
2614;26;19;244;sea;false;ocean;0
2615;26;21;232;sea;false;ocean;0
2616;26;22;240;sea;false;ocean;0
2617;26;23;248;sea;false;ocean;0
2618;26;24;236;sea;false;ocean;0
2619;26;26;244;sea;false;ocean;0
2620;26;28;240;sea;false;ocean;0
2621;26;29;248;sea;false;ocean;0
2622;26;31;236;sea;false;ocean;0
2623;26;32;244;sea;false;ocean;0
2624;26;33;232;sea;false;ocean;0
2625;26;35;240;sea;false;ocean;0
2626;26;36;248;sea;false;ocean;0
2627;26;37;236;sea;false;ocean;0
2628;26;38;244;sea;false;ocean;0
2629;26;40;232;sea;false;ocean;0
2630;27;0;240;sea;false;ocean;0
2631;27;2;248;sea;false;ocean;0
2632;27;4;236;sea;false;ocean;0
2633;27;8;232;sea;false;ocean;0
2634;27;10;240;sea;false;ocean;0
2635;27;12;248;sea;false;ocean;0
2636;27;16;244;sea;false;ocean;0
2637;27;17;232;sea;false;ocean;0
2638;27;19;248;sea;true;ocean;0
2639;27;21;236;sea;false;ocean;0
2640;27;23;232;sea;true;ocean;0
2641;27;24;240;sea;false;ocean;0
2642;27;26;248;sea;false;ocean;0
2643;27;28;244;sea;true;ocean;0
2644;27;30;232;sea;false;ocean;0
2645;27;31;240;sea;false;ocean;0
2646;27;32;248;sea;true;ocean;0
2647;27;33;236;sea;false;ocean;0
2648;27;35;244;sea;false;ocean;0
2649;27;36;232;sea;false;ocean;0
2650;27;37;240;sea;false;ocean;0
2651;27;38;248;sea;false;ocean;0
2652;27;40;236;sea;false;ocean;0
2653;28;0;244;sea;false;ocean;0
2654;28;2;232;sea;false;ocean;0
2655;28;4;240;sea;false;ocean;0
2656;28;6;248;sea;false;ocean;0
2657;28;8;236;sea;false;ocean;0
2658;28;10;244;sea;true;ocean;0
2659;28;12;232;sea;false;ocean;0
2660;28;14;240;sea;false;ocean;0
2661;28;16;248;sea;false;ocean;0
2662;28;17;236;sea;false;ocean;0
2663;28;18;244;sea;false;ocean;0
2664;28;19;232;sea;false;ocean;0
2665;28;21;240;sea;false;ocean;0
2666;28;23;236;sea;true;ocean;0
2667;28;24;244;sea;false;ocean;0
2668;28;26;232;sea;false;ocean;0
2669;28;28;248;sea;false;ocean;0
2670;28;30;236;sea;true;ocean;0
2671;28;31;244;sea;false;ocean;0
2672;28;32;232;sea;true;ocean;0
2673;28;33;240;sea;false;ocean;0
2674;28;35;248;sea;true;ocean;0
2675;28;36;236;sea;false;ocean;0
2676;28;37;244;sea;false;ocean;0
2677;28;38;232;sea;false;ocean;0
2678;28;40;240;sea;false;ocean;0
2679;29;0;248;sea;true;ocean;0
2680;29;2;236;sea;false;ocean;0
2681;29;4;244;sea;false;ocean;0
2682;29;6;232;sea;false;ocean;0
2683;29;8;240;sea;false;ocean;0
2684;29;10;248;sea;true;ocean;0
2685;29;12;236;sea;false;ocean;0
2686;29;16;232;sea;false;ocean;0
2687;29;17;240;sea;false;ocean;0
2688;29;18;248;sea;true;ocean;0
2689;29;19;236;sea;true;ocean;0
2690;29;21;244;sea;false;ocean;0
2691;29;23;240;sea;true;ocean;0
2692;29;24;248;sea;false;ocean;0
2693;29;26;236;sea;false;ocean;0
2694;29;28;232;sea;true;ocean;0
2695;29;30;240;sea;false;ocean;0
2696;29;31;248;sea;false;ocean;0
2697;29;32;236;sea;true;ocean;0
2698;29;33;244;sea;false;ocean;0
2699;29;35;232;sea;false;ocean;0
2700;29;36;240;sea;false;ocean;0
2701;29;37;248;sea;false;ocean;0
2702;29;38;236;sea;false;ocean;0
2703;30;0;232;lake;false;lakes;0
2704;30;2;240;sea;true;ocean;0
2705;30;4;248;sea;false;ocean;0
2706;30;6;236;sea;true;ocean;0
2707;30;8;244;sea;false;ocean;0
2708;30;10;232;sea;true;ocean;0
2709;30;12;240;sea;false;ocean;0
2710;30;14;248;sea;false;ocean;0
2711;30;16;236;sea;true;ocean;0
2712;30;17;244;sea;false;ocean;0
2713;30;18;232;sea;false;ocean;0
2714;30;19;240;sea;true;ocean;0
2715;30;21;248;sea;false;ocean;0
2716;30;23;244;sea;true;ocean;0
2717;30;24;232;sea;false;ocean;0
2718;30;26;240;sea;false;ocean;0
2719;30;28;236;sea;true;ocean;0
2720;30;30;244;sea;false;ocean;0
2721;30;31;232;sea;false;ocean;0
2722;30;32;240;sea;true;ocean;0
2723;30;33;248;sea;false;ocean;0
2724;30;35;236;sea;true;ocean;0
2725;30;36;244;sea;false;ocean;0
2726;30;37;232;sea;false;ocean;0
2727;30;38;240;sea;false;ocean;0
2728;30;40;248;sea;false;ocean;0
2729;31;0;236;sea;true;ocean;0
2730;31;2;244;sea;true;ocean;0
2731;31;4;232;sea;false;ocean;0
2732;31;6;240;sea;false;ocean;0
2733;31;8;248;sea;false;ocean;0
2734;31;10;236;sea;true;ocean;0
2735;31;16;240;sea;true;ocean;0
2736;31;17;248;sea;false;ocean;0
2737;31;19;244;sea;true;ocean;0
2738;31;21;232;sea;false;ocean;0
2739;31;23;248;sea;false;ocean;0
2740;31;24;236;sea;false;ocean;0
2741;31;26;244;sea;false;ocean;0
2742;31;28;240;sea;false;ocean;0
2743;31;30;248;sea;false;ocean;0
2744;31;31;236;sea;false;ocean;0
2745;31;32;244;sea;false;ocean;0
2746;31;33;232;sea;false;ocean;0
2747;31;35;240;sea;true;ocean;0
2748;31;36;248;sea;false;ocean;0
2749;31;37;236;sea;false;ocean;0
2750;31;38;244;sea;false;ocean;0
2751;31;40;232;sea;false;ocean;0
2752;32;0;240;sea;true;ocean;0
2753;32;2;248;sea;true;ocean;0
2754;32;4;236;sea;false;ocean;0
2755;32;6;244;sea;false;ocean;0
2756;32;8;232;sea;true;ocean;0
2757;32;10;240;sea;true;ocean;0
2758;32;16;244;sea;false;ocean;0
2759;32;17;232;sea;false;ocean;0
2760;32;19;248;sea;true;ocean;0
2761;32;21;236;sea;false;ocean;0
2762;32;23;232;sea;true;ocean;0
2763;32;24;240;sea;false;ocean;0
2764;32;26;248;sea;false;ocean;0
2765;32;28;244;sea;false;ocean;0
2766;32;30;232;sea;true;ocean;0
2767;32;31;240;sea;false;ocean;0
2768;32;32;248;sea;true;ocean;0
2769;32;33;236;sea;false;ocean;0
2770;32;35;244;sea;true;ocean;0
2771;32;36;232;sea;true;ocean;0
2772;32;37;240;sea;false;ocean;0
2773;32;38;248;sea;false;ocean;0
2774;32;40;236;sea;false;ocean;0
2775;33;0;244;sea;true;ocean;0
2776;33;2;232;sea;true;ocean;0
2777;33;4;218;sea;true;ocean;0
2778;33;4;240;sea;false;ocean;0
2779;33;6;248;sea;false;ocean;0
2780;33;8;236;sea;true;ocean;0
2781;33;10;244;sea;true;ocean;0
2782;33;14;240;sea;false;ocean;0
2783;33;16;248;sea;false;ocean;0
2784;33;17;236;sea;false;ocean;0
2785;33;19;232;sea;true;ocean;0
2786;33;21;240;sea;false;ocean;0
2787;33;23;236;sea;true;ocean;0
2788;33;24;244;sea;false;ocean;0
2789;33;26;232;sea;false;ocean;0
2790;33;28;248;sea;false;ocean;0
2791;33;30;236;sea;true;ocean;0
2792;33;31;244;sea;false;ocean;0
2793;33;33;240;sea;false;ocean;0
2794;33;35;248;sea;false;ocean;0
2795;33;36;236;sea;true;ocean;0
2796;33;37;244;sea;false;ocean;0
2797;33;38;232;sea;false;ocean;0
2798;33;40;240;sea;false;ocean;0
2799;34;0;248;sea;true;ocean;0
2800;34;2;236;sea;true;ocean;0
2801;34;4;244;sea;false;ocean;0
2802;34;6;232;sea;false;ocean;0
2803;34;8;240;sea;true;ocean;0
2804;34;10;248;sea;true;ocean;0
2805;34;14;244;sea;false;ocean;0
2806;34;16;232;sea;false;ocean;0
2807;34;17;240;sea;false;ocean;0
2808;34;18;248;sea;true;ocean;0
2809;34;19;236;sea;true;ocean;0
2810;34;21;244;sea;false;ocean;0
2811;34;23;240;sea;false;ocean;0
2812;34;24;248;sea;false;ocean;0
2813;34;26;236;sea;false;ocean;0
2814;34;28;232;sea;false;ocean;0
2815;34;30;240;sea;false;ocean;0
2816;34;31;248;sea;false;ocean;0
2817;34;32;236;sea;true;ocean;0
2818;34;33;244;sea;false;ocean;0
2819;34;35;232;sea;false;ocean;0
2820;34;36;240;sea;false;ocean;0
2821;34;37;248;sea;false;ocean;0
2822;34;38;236;sea;false;ocean;0
2823;34;40;244;sea;false;ocean;0
2824;35;0;232;sea;true;ocean;0
2825;35;2;240;sea;true;ocean;0
2826;35;4;248;sea;false;ocean;0
2827;35;6;236;sea;false;ocean;0
2828;35;8;244;sea;true;ocean;0
2829;35;10;232;sea;true;ocean;0
2830;35;14;248;sea;false;ocean;0
2831;35;16;236;sea;false;ocean;0
2832;35;17;244;sea;false;ocean;0
2833;35;19;240;sea;true;ocean;0
2834;35;21;248;sea;false;ocean;0
2835;35;23;244;sea;false;ocean;0
2836;35;26;240;sea;false;ocean;0
2837;35;28;236;sea;false;ocean;0
2838;35;30;244;sea;false;ocean;0
2839;35;31;232;sea;false;ocean;0
2840;35;32;240;sea;false;ocean;0
2841;35;33;248;sea;false;ocean;0
2842;35;35;236;sea;false;ocean;0
2843;142;69;235;land;false;plains;6
2844;35;37;232;sea;false;ocean;0
2845;35;38;240;sea;false;ocean;0
2846;35;40;248;sea;false;ocean;0
2847;36;0;236;sea;true;ocean;0
2848;36;2;244;sea;false;ocean;0
2849;36;4;232;sea;true;ocean;0
2850;36;6;240;sea;false;ocean;0
2851;36;8;248;sea;true;ocean;0
2852;36;10;236;sea;true;ocean;0
2853;36;12;244;land;false;forest;6
2854;36;14;232;sea;false;ocean;0
2855;36;16;240;sea;true;ocean;0
2856;36;17;248;sea;true;ocean;0
2857;36;19;244;sea;true;ocean;0
2858;36;21;232;sea;false;ocean;0
2859;36;23;248;sea;false;ocean;0
2860;36;25;236;sea;false;ocean;0
2861;36;26;244;sea;false;ocean;0
2862;36;28;240;sea;false;ocean;0
2863;36;30;248;sea;false;ocean;0
2864;36;31;236;sea;false;ocean;0
2865;36;32;244;sea;true;ocean;0
2866;36;33;232;sea;false;ocean;0
2867;36;35;240;sea;false;ocean;0
2868;36;37;236;sea;false;ocean;0
2869;36;38;244;sea;false;ocean;0
2870;36;40;232;sea;false;ocean;0
2871;37;0;240;sea;true;ocean;0
2872;37;2;248;sea;false;ocean;0
2873;37;4;236;sea;false;ocean;0
2874;37;6;244;sea;false;ocean;0
2875;37;8;232;sea;true;ocean;0
2876;37;10;240;sea;true;ocean;0
2877;37;12;248;land;false;mountain;6
2878;37;14;236;sea;false;ocean;0
2879;37;16;244;sea;false;ocean;0
2880;37;17;232;sea;false;ocean;0
2881;37;18;240;sea;true;ocean;0
2882;37;19;248;sea;true;ocean;0
2883;37;21;236;sea;false;ocean;0
2884;37;25;240;sea;true;ocean;0
2885;37;26;248;sea;true;ocean;0
2886;37;28;244;sea;false;ocean;0
2887;37;30;232;sea;true;ocean;0
2888;37;31;240;sea;false;ocean;0
2889;37;32;248;sea;true;ocean;0
2890;37;33;236;sea;false;ocean;0
2891;37;35;244;sea;true;ocean;0
2892;37;37;240;sea;false;ocean;0
2893;37;38;248;sea;false;ocean;0
2894;37;40;236;sea;false;ocean;0
2895;38;0;244;sea;true;ocean;0
2896;38;2;232;sea;true;ocean;0
2897;38;4;240;sea;false;ocean;0
2898;38;8;236;sea;true;ocean;0
2899;38;10;244;sea;true;ocean;0
2900;38;12;232;land;false;forest;6
2901;38;16;248;sea;true;ocean;0
2902;38;17;236;sea;false;ocean;0
2903;38;18;244;sea;true;ocean;0
2904;38;19;232;sea;true;ocean;0
2905;38;21;240;sea;false;ocean;0
2906;38;23;236;sea;false;ocean;0
2907;38;25;244;sea;false;ocean;0
2908;38;26;232;sea;false;ocean;0
2909;38;28;248;sea;false;ocean;0
2910;38;30;236;sea;false;ocean;0
2911;38;31;244;sea;false;ocean;0
2912;38;32;232;sea;true;ocean;0
2913;38;33;240;sea;false;ocean;0
2914;38;35;248;sea;false;ocean;0
2915;38;37;244;sea;false;ocean;0
2916;38;39;232;sea;false;ocean;0
2917;38;40;240;sea;false;ocean;0
2918;39;0;248;sea;true;ocean;0
2919;39;2;236;sea;true;ocean;0
2920;39;4;244;sea;false;ocean;0
2921;39;8;240;sea;true;ocean;0
2922;39;10;248;sea;true;ocean;0
2923;39;12;236;land;false;hills;6
2924;39;14;244;sea;true;ocean;0
2925;39;16;232;sea;false;ocean;0
2926;39;17;240;sea;false;ocean;0
2927;39;18;248;sea;true;ocean;0
2928;39;19;236;sea;true;ocean;0
2929;39;21;244;sea;true;ocean;0
2930;39;23;240;sea;false;ocean;0
2931;39;25;248;sea;false;ocean;0
2932;39;26;236;sea;false;ocean;0
2933;39;28;232;sea;false;ocean;0
2934;39;30;240;sea;false;ocean;0
2935;39;31;248;sea;true;ocean;0
2936;39;32;236;sea;false;ocean;0
2937;39;33;244;sea;false;ocean;0
2938;39;35;232;sea;false;ocean;0
2939;39;37;248;sea;false;ocean;0
2940;39;39;236;sea;false;ocean;0
2941;39;40;244;sea;false;ocean;0
2942;40;0;232;sea;true;ocean;0
2943;40;2;240;sea;true;ocean;0
2944;40;4;248;sea;false;ocean;0
2945;40;8;244;sea;true;ocean;0
2946;40;10;232;sea;true;ocean;0
2947;40;12;240;land;false;marsh;2
2948;40;14;248;sea;false;ocean;0
2949;40;16;236;sea;false;ocean;0
2950;40;17;244;sea;false;ocean;0
2951;40;18;232;sea;true;ocean;0
2952;40;19;240;sea;false;ocean;0
2953;40;21;248;sea;false;ocean;0
2954;40;23;244;sea;false;ocean;0
2955;40;25;232;sea;true;ocean;0
2956;40;26;240;sea;true;ocean;0
2957;40;28;236;sea;false;ocean;0
2958;40;30;244;sea;false;ocean;0
2959;40;31;232;sea;false;ocean;0
2960;40;32;240;sea;false;ocean;0
2961;40;33;248;sea;false;ocean;0
2962;40;35;236;sea;false;ocean;0
2963;40;37;232;sea;false;ocean;0
2964;40;39;240;sea;false;ocean;0
2965;40;40;248;sea;false;ocean;0
2966;41;0;236;sea;false;ocean;0
2967;41;2;244;sea;true;ocean;0
2968;41;4;232;sea;false;ocean;0
2969;41;6;240;sea;false;ocean;0
2970;41;8;248;sea;true;ocean;0
2971;41;10;236;sea;true;ocean;0
2972;41;12;244;land;false;plains;6
2973;41;14;232;sea;false;ocean;0
2974;41;16;240;sea;false;ocean;0
2975;41;17;248;sea;false;ocean;0
2976;31;9;25;lake;false;lakes;0
2977;41;18;247;sea;false;ocean;0
2978;41;19;244;sea;false;ocean;0
2979;41;21;232;sea;false;ocean;0
2980;41;23;248;sea;false;ocean;0
2981;41;25;236;sea;false;ocean;0
2982;41;26;244;sea;true;ocean;0
2983;41;28;240;sea;false;ocean;0
2984;41;30;248;sea;false;ocean;0
2985;41;31;236;sea;false;ocean;0
2986;41;32;244;sea;false;ocean;0
2987;41;33;232;sea;false;ocean;0
2988;41;35;240;sea;false;ocean;0
2989;41;37;236;sea;false;ocean;0
2990;41;39;244;sea;false;ocean;0
2991;41;40;232;sea;true;ocean;0
2992;42;0;163;land;false;forest;1
2993;42;0;240;sea;false;ocean;0
2994;42;3;78;land;false;plains;1
2995;42;3;128;land;true;hills;1
2996;42;3;183;land;false;forest;1
2997;42;4;236;sea;false;ocean;0
2998;42;6;43;land;false;forest;1
2999;42;6;98;land;false;forest;1
3000;42;6;148;land;false;forest;6
3001;42;6;244;sea;false;ocean;0
3002;42;8;232;sea;true;ocean;0
3003;42;9;8;land;false;forest;1
3004;42;9;63;land;false;plains;6
3005;42;9;213;land;false;forest;1
3006;42;10;240;sea;false;ocean;0
3007;42;12;28;land;false;forest;1
3008;42;12;73;land;true;forest;1
3009;42;12;178;land;false;forest;1
3010;42;12;248;land;false;plains;2
3011;42;14;236;sea;true;ocean;0
3012;42;15;38;land;false;marsh;1
3013;42;15;143;land;false;forest;1
3014;42;16;244;sea;false;ocean;0
3015;42;17;232;sea;false;ocean;0
3016;42;18;3;land;true;hills;1
3017;42;18;58;land;false;forest;6
3018;42;18;208;land;true;hills;1
3019;42;18;240;sea;true;ocean;0
3020;42;19;248;sea;false;ocean;0
3021;42;21;23;land;false;plains;1
3022;42;21;173;land;true;hills;1
3023;42;21;236;sea;false;ocean;0
3024;42;23;232;sea;false;ocean;0
3025;42;24;88;land;false;forest;1
3026;42;24;138;land;false;forest;1
3027;42;24;193;land;false;forest;6
3028;42;25;240;sea;true;ocean;0
3029;42;26;248;sea;false;ocean;0
3030;42;27;53;land;false;forest;1
3031;42;27;203;land;false;forest;1
3032;42;28;244;sea;false;ocean;0
3033;42;30;18;land;true;forest;1
3034;42;30;168;land;true;mountain;1
3035;42;30;223;land;false;forest;1
3036;42;30;232;sea;false;ocean;0
3037;42;31;240;sea;false;ocean;0
3038;42;32;248;sea;false;ocean;0
3039;42;33;83;land;false;forest;1
3040;42;33;133;land;true;hills;1
3041;42;33;188;land;false;forest;6
3042;42;33;236;sea;false;ocean;0
3043;42;35;244;sea;false;ocean;0
3044;42;36;48;land;false;forest;1
3045;42;36;153;land;true;forest;1
3046;42;36;232;sea;true;ocean;0
3047;42;37;240;sea;false;ocean;0
3048;42;39;13;land;true;mountain;1
3049;42;39;68;land;false;forest;1
3050;42;39;218;land;true;plains;1
3051;42;39;248;sea;false;ocean;0
3052;42;40;236;sea;true;ocean;0
3053;42;42;33;land;false;forest;1
3054;42;42;78;land;false;forest;1
3055;42;45;43;land;false;forest;1
3056;42;45;98;land;false;forest;1
3057;42;45;148;land;false;forest;1
3058;42;48;8;land;true;mountain;1
3059;42;48;63;land;false;mountain;1
3060;42;48;213;land;true;forest;1
3061;42;51;28;land;true;forest;1
3062;42;54;143;land;false;forest;1
3063;42;54;198;land;false;forest;1
3064;42;57;58;land;false;forest;1
3065;42;60;23;land;false;forest;1
3066;42;60;128;land;false;plains;6
3067;42;60;173;land;false;forest;1
3068;42;63;88;land;false;forest;1
3069;42;63;138;land;false;plains;1
3070;42;63;193;land;false;forest;1
3071;42;66;53;land;false;forest;1
3072;42;66;158;land;false;forest;1
3073;42;69;18;land;false;forest;1
3074;42;69;73;land;false;forest;1
3075;42;69;223;land;false;plains;1
3076;42;70;21;land;false;plains;1
3077;42;72;38;land;false;forest;1
3078;42;72;83;land;false;plains;1
3079;42;72;188;land;false;plains;6
3080;42;75;48;land;true;plains;1
3081;42;75;153;land;false;forest;6
3082;42;78;13;land;true;mountain;1
3083;42;78;68;land;true;plains;1
3084;42;78;218;land;false;forest;1
3085;42;81;33;land;false;forest;1
3086;42;81;183;land;false;plains;1
3087;42;84;98;land;false;forest;6
3088;42;84;148;land;true;mountain;1
3089;42;84;203;land;false;marsh;1
3090;42;87;63;land;true;mountain;1
3091;42;87;168;land;false;forest;1
3092;42;87;213;land;true;plains;1
3093;42;90;28;land;false;mountain;1
3094;42;90;133;land;false;hills;1
3095;42;90;178;land;false;forest;1
3096;42;93;93;land;true;mountain;1
3097;42;93;143;land;false;forest;1
3098;42;96;58;land;false;mountain;1
3099;42;96;163;land;false;forest;1
3100;42;99;23;land;false;forest;1
3101;42;99;78;land;false;forest;1
3102;42;99;128;land;false;forest;6
3103;42;102;43;land;false;forest;6
3104;42;102;88;land;false;forest;1
3105;42;102;193;land;false;mountain;1
3106;42;105;8;land;false;forest;1
3107;42;105;53;land;false;forest;1
3108;42;105;158;land;false;forest;1
3109;42;108;18;land;false;jungle;5
3110;42;108;73;land;false;forest;1
3111;42;108;223;land;false;mountain;1
3112;42;111;38;land;false;plains;6
3113;42;111;188;land;true;forest;1
3114;42;114;3;land;true;mountain;1
3115;42;114;153;land;false;forest;1
3116;42;114;208;land;false;forest;1
3117;42;117;68;land;true;forest;1
3118;42;118;99;land;true;mountain;5
3119;42;120;33;land;false;forest;1
3120;42;120;138;land;false;forest;1
3121;42;120;183;land;true;forest;1
3122;42;123;98;land;true;plains;1
3123;42;123;148;land;false;plains;5
3124;42;123;203;land;false;forest;1
3125;42;126;63;land;false;forest;1
3126;42;129;28;land;true;mountain;1
3127;42;129;83;land;false;forest;6
3128;42;129;133;land;false;forest;1
3129;42;132;48;land;false;mountain;1
3130;42;132;93;land;false;forest;1
3131;42;132;198;land;false;forest;1
3132;42;135;58;land;true;mountain;1
3133;42;135;163;land;false;forest;1
3134;42;138;23;land;true;plains;1
3135;42;138;78;land;false;plains;1
3136;42;141;43;land;false;forest;1
3137;42;144;8;land;false;plains;1
3138;42;144;158;land;false;forest;1
3139;42;144;213;land;false;plains;6
3140;42;147;73;land;false;forest;1
3141;42;147;178;land;false;forest;1
3142;42;150;38;land;false;forest;1
3143;42;150;143;land;false;forest;1
3144;42;153;3;land;true;plains;1
3145;42;153;153;land;true;mountain;1
3146;42;153;208;land;false;plains;6
3147;42;156;68;land;true;plains;6
3148;42;156;173;land;false;forest;1
3149;42;159;33;land;false;forest;1
3150;42;159;88;land;true;hills;1
3151;42;159;138;land;true;urban;1
3152;42;162;53;land;true;urban;1
3153;42;162;98;land;false;forest;1
3154;42;162;203;land;false;forest;1
3155;42;165;18;land;false;forest;6
3156;42;165;63;land;false;forest;1
3157;42;165;168;land;false;forest;1
3158;42;168;28;land;false;marsh;1
3159;42;168;83;land;true;plains;1
3160;42;168;133;land;false;forest;1
3161;42;171;48;land;true;plains;1
3162;42;171;198;land;false;plains;1
3163;42;174;13;land;false;forest;1
3164;42;177;78;land;false;forest;1
3165;42;177;128;land;false;forest;5
3166;42;180;43;land;false;plains;6
3167;42;180;148;land;false;plains;6
3168;42;180;193;land;true;plains;1
3169;42;183;8;land;false;forest;6
3170;42;183;158;land;true;plains;1
3171;42;183;213;land;true;plains;1
3172;42;186;73;land;true;plains;1
3173;42;189;38;land;false;forest;1
3174;42;189;93;land;true;forest;1
3175;42;189;143;land;false;forest;1
3176;42;192;58;land;false;forest;1
3177;42;192;208;land;false;forest;6
3178;42;195;23;land;true;mountain;1
3179;42;195;68;land;false;mountain;1
3180;42;195;173;land;false;mountain;1
3181;42;198;33;land;false;plains;5
3182;42;198;88;land;true;forest;1
3183;42;198;138;land;false;mountain;1
3184;42;201;53;land;false;forest;6
3185;42;201;203;land;false;forest;1
3186;42;204;18;land;false;plains;6
3187;42;204;168;land;true;plains;1
3188;42;207;83;land;true;mountain;1
3189;42;207;133;land;true;forest;1
3190;42;207;188;land;false;plains;1
3191;42;210;48;land;false;forest;1
3192;42;210;153;land;true;hills;1
3193;42;210;198;land;false;forest;1
3194;43;0;68;land;false;forest;1
3195;43;0;244;sea;true;ocean;0
3196;43;3;88;land;false;forest;6
3197;43;3;138;land;false;plains;6
3198;43;4;240;sea;false;ocean;0
3199;43;6;53;land;false;plains;1
3200;43;6;248;sea;false;ocean;0
3201;43;8;236;sea;true;ocean;0
3202;43;9;168;land;false;plains;1
3203;43;9;223;land;false;marsh;1
3204;43;10;244;sea;true;ocean;0
3205;43;12;83;land;true;forest;1
3206;43;12;133;land;true;plains;1
3207;43;12;188;land;false;forest;1
3208;43;12;232;land;true;plains;2
3209;43;14;240;sea;false;ocean;0
3210;43;15;48;land;false;forest;1
3211;43;15;153;land;true;urban;1
3212;43;16;248;sea;false;ocean;0
3213;43;17;236;sea;false;ocean;0
3214;43;18;13;land;false;forest;6
3215;43;18;163;land;false;plains;1
3216;43;18;218;land;false;plains;6
3217;43;18;244;lake;false;lakes;0
3218;43;20;232;sea;true;ocean;0
3219;43;21;78;land;false;plains;1
3220;43;21;128;land;false;forest;1
3221;43;21;183;land;false;plains;1
3222;43;21;240;sea;false;ocean;0
3223;43;23;236;sea;false;ocean;0
3224;43;24;43;land;false;plains;6
3225;43;24;98;land;false;plains;1
3226;43;24;148;land;false;forest;1
3227;43;25;244;sea;true;ocean;0
3228;43;26;232;sea;false;ocean;0
3229;43;27;8;land;true;forest;1
3230;43;27;63;land;false;plains;1
3231;43;27;213;land;true;plains;1
3232;43;27;240;sea;false;ocean;0
3233;43;28;248;sea;false;ocean;0
3234;43;30;28;land;false;plains;1
3235;43;30;73;land;false;plains;1
3236;43;30;178;land;false;forest;1
3237;43;30;236;sea;false;ocean;0
3238;43;31;244;sea;false;ocean;0
3239;43;32;232;sea;true;ocean;0
3240;43;33;38;land;false;forest;1
3241;43;33;93;land;false;forest;1
3242;43;33;143;land;true;mountain;1
3243;43;33;240;sea;false;ocean;0
3244;43;35;248;sea;false;ocean;0
3245;43;36;3;land;false;forest;6
3246;43;36;58;land;false;hills;6
3247;43;36;208;land;false;forest;1
3248;43;36;236;sea;true;ocean;0
3249;43;37;244;sea;false;ocean;0
3250;43;39;23;land;false;plains;1
3251;43;39;173;land;false;forest;6
3252;43;39;232;sea;false;ocean;0
3253;43;40;240;sea;true;ocean;0
3254;43;42;88;land;false;plains;1
3255;43;42;138;land;false;forest;1
3256;43;42;193;land;false;forest;1
3257;43;45;53;land;false;forest;1
3258;43;45;158;land;false;forest;1
3259;43;45;203;land;false;forest;1
3260;43;48;18;land;true;plains;1
3261;43;48;168;land;false;forest;6
3262;43;48;223;land;false;urban;1
3263;43;51;83;land;false;hills;1
3264;43;51;133;land;false;forest;6
3265;43;51;188;land;false;plains;6
3266;43;54;153;land;false;plains;1
3267;43;57;218;land;false;forest;1
3268;43;60;78;land;false;forest;1
3269;43;60;183;land;false;forest;6
3270;43;63;43;land;false;forest;6
3271;43;63;98;land;false;plains;1
3272;43;63;148;land;false;forest;1
3273;43;66;8;land;false;urban;1
3274;43;66;63;land;true;hills;1
3275;43;66;213;land;false;plains;1
3276;43;69;28;land;false;hills;6
3277;43;69;178;land;true;plains;1
3278;43;72;93;land;false;plains;1
3279;43;72;143;land;false;forest;1
3280;43;75;58;land;false;hills;6
3281;43;75;163;land;false;forest;1
3282;43;75;208;land;false;forest;6
3283;43;78;128;land;false;forest;1
3284;43;78;173;land;true;plains;3
3285;43;81;88;land;false;plains;1
3286;43;81;138;land;false;plains;1
3287;43;81;193;land;true;plains;1
3288;43;84;53;land;true;plains;1
3289;43;84;158;land;false;hills;6
3290;43;87;18;land;false;hills;1
3291;43;87;73;land;false;forest;1
3292;43;87;223;land;false;plains;1
3293;43;90;38;land;false;marsh;1
3294;43;90;83;land;false;plains;6
3295;43;93;3;land;false;plains;1
3296;43;93;48;land;true;forest;1
3297;43;93;153;land;false;forest;1
3298;43;96;13;land;false;forest;1
3299;43;96;68;land;false;forest;1
3300;43;96;218;land;false;forest;6
3301;43;99;33;land;false;plains;1
3302;43;102;98;land;false;forest;1
3303;43;102;148;land;false;plains;6
3304;43;102;203;land;false;plains;1
3305;43;105;63;land;true;plains;1
3306;43;105;168;land;false;forest;1
3307;43;105;213;land;true;plains;1
3308;43;108;28;land;false;hills;1
3309;43;108;133;land;false;forest;1
3310;43;108;178;land;false;plains;1
3311;43;111;93;land;true;plains;1
3312;43;111;198;land;false;plains;1
3313;43;114;58;land;false;forest;1
3314;43;114;163;land;true;plains;1
3315;43;117;23;land;false;forest;6
3316;43;117;78;land;false;forest;6
3317;43;117;128;land;false;forest;6
3318;43;120;43;land;false;plains;1
3319;43;120;88;land;true;plains;1
3320;43;120;193;land;false;urban;1
3321;43;123;53;land;false;marsh;1
3322;43;123;158;land;false;forest;1
3323;43;126;18;land;false;forest;1
3324;43;126;73;land;false;forest;1
3325;43;126;223;land;true;plains;1
3326;43;129;38;land;true;urban;1
3327;43;129;188;land;false;forest;1
3328;43;132;3;land;false;forest;6
3329;43;132;153;land;true;plains;1
3330;43;132;208;land;false;hills;6
3331;43;135;68;land;false;plains;1
3332;43;135;173;land;false;plains;1
3333;43;135;218;land;false;marsh;1
3334;43;138;33;land;false;forest;6
3335;43;138;138;land;false;urban;1
3336;43;138;183;land;false;plains;6
3337;43;141;98;land;false;plains;1
3338;43;141;148;land;true;plains;1
3339;43;144;63;land;false;plains;1
3340;43;144;168;land;true;plains;1
3341;43;147;28;land;false;forest;1
3342;43;147;133;land;false;plains;1
3343;43;150;48;land;false;hills;6
3344;43;150;93;land;false;hills;1
3345;43;150;198;land;false;plains;1
3346;43;153;13;land;false;plains;1
3347;43;153;58;land;false;forest;1
3348;43;153;163;land;false;plains;6
3349;43;156;23;land;false;forest;6
3350;43;156;78;land;false;plains;1
3351;43;159;43;land;false;forest;1
3352;43;159;193;land;false;plains;1
3353;43;162;8;land;true;plains;1
3354;43;162;158;land;false;forest;1
3355;43;162;213;land;false;plains;1
3356;43;165;73;land;false;plains;1
3357;43;165;178;land;false;plains;6
3358;43;165;223;land;false;forest;1
3359;43;168;38;land;true;plains;1
3360;43;168;143;land;false;plains;1
3361;43;168;188;land;false;forest;6
3362;43;171;3;land;false;forest;1
3363;43;171;153;land;false;forest;6
3364;43;171;208;land;false;forest;1
3365;43;174;68;land;false;forest;6
3366;43;174;173;land;false;marsh;1
3367;43;177;88;land;false;forest;1
3368;43;177;138;land;true;marsh;1
3369;43;180;53;land;true;urban;1
3370;43;180;98;land;false;forest;1
3371;43;180;203;land;false;plains;1
3372;43;183;18;land;false;hills;6
3373;43;183;63;land;true;plains;1
3374;43;183;168;land;true;plains;1
3375;43;186;28;land;false;plains;1
3376;43;186;83;land;false;plains;1
3377;43;186;133;land;false;hills;1
3378;43;189;48;land;false;marsh;1
3379;43;189;198;land;true;urban;1
3380;43;192;13;land;true;plains;1
3381;43;192;218;land;false;plains;1
3382;43;195;78;land;false;forest;6
3383;43;195;128;land;false;plains;6
3384;43;198;43;land;false;plains;1
3385;43;198;148;land;false;plains;6
3386;43;198;193;land;false;forest;1
3387;43;201;8;land;false;forest;1
3388;43;201;158;land;false;forest;1
3389;43;201;213;land;false;plains;1
3390;43;204;178;land;false;plains;1
3391;43;207;38;land;false;forest;1
3392;43;207;93;land;false;urban;1
3393;43;207;143;land;false;marsh;1
3394;43;210;3;land;false;forest;6
3395;43;210;58;land;false;plains;1
3396;43;210;208;land;true;plains;1
3397;44;0;78;land;false;forest;1
3398;44;0;128;land;false;forest;1
3399;44;0;183;land;false;plains;1
3400;44;0;248;sea;false;ocean;0
3401;44;2;236;land;true;plains;1
3402;44;3;43;land;false;forest;1
3403;44;3;148;land;false;plains;1
3404;44;3;193;land;false;hills;6
3405;44;4;244;sea;false;ocean;0
3406;44;6;8;land;false;hills;6
3407;44;6;213;land;false;plains;1
3408;44;6;232;sea;false;ocean;0
3409;44;9;73;land;false;plains;1
3410;44;9;178;land;false;hills;1
3411;44;10;248;sea;false;ocean;0
3412;44;12;38;land;false;forest;1
3413;44;12;93;land;false;plains;1
3414;44;12;143;land;false;hills;1
3415;44;12;236;land;false;marsh;6
3416;44;14;244;sea;false;ocean;0
3417;44;15;58;land;false;forest;1
3418;44;15;208;land;false;hills;1
3419;44;16;232;sea;false;ocean;0
3420;44;17;240;sea;false;ocean;0
3421;44;18;23;land;true;plains;1
3422;44;18;68;land;true;plains;1
3423;44;18;173;land;false;forest;1
3424;44;18;248;sea;true;ocean;0
3425;44;20;236;sea;true;ocean;0
3426;44;21;33;land;false;plains;1
3427;44;21;138;land;false;mountain;6
3428;44;21;244;sea;false;ocean;0
3429;44;23;240;sea;false;ocean;0
3430;44;24;53;land;false;plains;1
3431;44;24;203;land;false;forest;1
3432;44;25;248;sea;false;ocean;0
3433;44;26;236;sea;true;ocean;0
3434;44;27;18;land;false;mountain;1
3435;44;27;223;land;false;desert;6
3436;44;27;244;sea;false;ocean;0
3437;44;28;232;sea;false;ocean;0
3438;44;30;133;land;false;forest;1
3439;44;30;188;land;false;plains;6
3440;44;30;240;sea;false;ocean;0
3441;44;31;248;sea;false;ocean;0
3442;44;32;236;sea;true;ocean;0
3443;44;33;153;land;false;forest;1
3444;44;33;198;land;false;plains;1
3445;44;33;244;sea;false;ocean;0
3446;44;35;232;sea;false;ocean;0
3447;44;36;13;land;false;plains;1
3448;44;36;163;land;false;hills;1
3449;44;36;218;land;false;plains;1
3450;44;36;240;sea;true;ocean;0
3451;44;37;248;sea;false;ocean;0
3452;44;39;183;land;false;plains;1
3453;44;39;236;sea;false;ocean;0
3454;44;40;244;sea;true;ocean;0
3455;44;42;43;land;false;plains;1
3456;44;42;98;land;true;desert;6
3457;44;42;148;land;false;plains;1
3458;44;45;8;land;false;plains;1
3459;44;45;63;land;false;desert;6
3460;44;45;213;land;false;plains;1
3461;44;48;28;land;false;hills;6
3462;44;48;178;land;false;plains;1
3463;44;51;38;land;true;plains;1
3464;44;51;93;land;false;forest;1
3465;44;54;3;land;false;plains;1
3466;44;54;58;land;false;plains;1
3467;44;54;208;land;false;forest;6
3468;44;57;23;land;false;plains;1
3469;44;57;173;land;false;forest;1
3470;44;60;138;land;false;marsh;1
3471;44;60;193;land;false;mountain;2
3472;44;63;158;land;false;plains;6
3473;44;63;203;land;false;forest;1
3474;44;66;18;land;false;hills;1
3475;44;66;223;land;false;plains;1
3476;44;69;83;land;false;plains;1
3477;44;69;133;land;false;hills;6
3478;44;69;188;land;false;forest;1
3479;44;72;153;land;false;plains;1
3480;44;75;13;land;false;forest;1
3481;44;78;33;land;false;plains;2
3482;44;78;78;land;false;forest;1
3483;44;78;183;land;false;forest;1
3484;44;81;98;land;false;mountain;1
3485;44;81;148;land;false;hills;1
3486;44;84;8;land;false;plains;6
3487;44;84;63;land;false;plains;6
3488;44;84;213;land;false;forest;1
3489;44;87;28;land;false;plains;1
3490;44;87;178;land;false;plains;6
3491;44;90;93;land;false;forest;1
3492;44;90;143;land;false;plains;1
3493;44;90;198;land;false;forest;1
3494;44;93;58;land;false;forest;1
3495;44;93;163;land;false;forest;1
3496;44;93;208;land;false;forest;1
3497;44;96;23;land;false;hills;1
3498;44;96;128;land;false;plains;2
3499;44;96;173;land;false;forest;1
3500;44;99;88;land;false;forest;1
3501;44;99;138;land;true;plains;1
3502;44;102;53;land;false;forest;6
3503;44;102;158;land;false;plains;6
3504;44;105;18;land;false;plains;1
3505;44;105;223;land;false;forest;1
3506;44;108;38;land;false;plains;1
3507;44;108;83;land;false;marsh;1
3508;44;108;188;land;false;plains;1
3509;44;111;3;land;false;plains;1
3510;44;111;48;land;false;plains;1
3511;44;111;153;land;false;plains;1
3512;44;114;13;land;false;plains;1
3513;44;114;68;land;false;hills;2
3514;44;114;218;land;false;hills;1
3515;44;117;33;land;false;desert;6
3516;44;117;183;land;false;plains;1
3517;44;120;98;land;false;hills;6
3518;44;120;148;land;false;plains;1
3519;44;123;63;land;false;plains;1
3520;44;123;213;land;false;forest;1
3521;44;126;178;land;false;plains;1
3522;44;129;143;land;false;urban;1
3523;44;129;198;land;false;hills;1
3524;44;132;58;land;false;forest;1
3525;44;135;23;land;true;plains;1
3526;44;135;128;land;false;forest;1
3527;44;138;88;land;false;forest;1
3528;44;138;125;sea;false;ocean;0
3529;44;138;193;land;false;urban;1
3530;44;141;8;land;false;hills;1
3531;44;141;158;land;false;plains;1
3532;44;144;18;land;false;forest;1
3533;44;144;73;land;false;plains;1
3534;44;147;38;land;false;plains;1
3535;44;147;188;land;false;urban;1
3536;44;150;153;land;false;plains;1
3537;44;150;208;land;false;forest;1
3538;44;153;68;land;false;desert;6
3539;44;153;218;land;false;plains;1
3540;44;156;33;land;false;plains;1
3541;44;156;138;land;false;forest;1
3542;44;156;183;land;false;forest;1
3543;44;159;98;land;false;plains;1
3544;44;159;148;land;false;urban;1
3545;44;162;63;land;false;hills;1
3546;44;162;168;land;false;plains;1
3547;44;165;28;land;false;forest;1
3548;44;165;83;land;false;hills;1
3549;44;165;133;land;false;plains;1
3550;44;168;48;land;false;mountain;1
3551;44;168;93;land;false;plains;6
3552;44;168;198;land;true;forest;1
3553;44;171;13;land;false;forest;1
3554;44;171;58;land;false;forest;1
3555;44;171;163;land;false;plains;1
3556;44;174;23;land;false;marsh;1
3557;44;174;128;land;false;plains;1
3558;44;177;43;land;false;plains;1
3559;44;177;193;land;false;plains;1
3560;44;180;8;land;false;forest;1
3561;44;180;158;land;false;forest;1
3562;44;183;178;land;false;plains;1
3563;44;183;223;land;false;plains;6
3564;44;186;38;land;false;mountain;7
3565;44;186;143;land;false;forest;1
3566;44;186;188;land;false;plains;1
3567;44;189;3;land;false;forest;1
3568;44;189;153;land;false;plains;1
3569;44;189;208;land;false;urban;1
3570;44;192;68;land;false;plains;1
3571;44;192;173;land;false;forest;1
3572;44;195;33;land;false;forest;1
3573;44;195;88;land;false;plains;1
3574;44;195;138;land;false;forest;1
3575;44;198;53;land;false;forest;1
3576;44;198;98;land;false;plains;1
3577;44;201;18;land;false;plains;1
3578;44;201;63;land;false;urban;6
3579;44;201;168;land;true;plains;1
3580;44;204;28;land;false;urban;1
3581;44;204;83;land;false;hills;1
3582;44;204;133;land;false;forest;1
3583;44;207;48;land;false;hills;1
3584;44;207;198;land;false;plains;1
3585;44;210;13;land;false;mountain;1
3586;44;210;163;land;false;forest;1
3587;44;210;218;land;false;plains;1
3588;45;0;33;land;false;mountain;2
3589;45;0;138;land;false;plains;1
3590;45;0;232;sea;true;ocean;0
3591;45;2;240;sea;false;ocean;0
3592;45;3;53;land;false;plains;1
3593;45;3;98;land;true;desert;6
3594;45;3;203;land;false;hills;1
3595;45;4;248;sea;false;ocean;0
3596;45;6;18;land;false;plains;1
3597;45;6;63;land;false;desert;6
3598;45;6;168;land;false;forest;1
3599;45;6;236;sea;false;ocean;0
3600;45;8;244;sea;true;ocean;0
3601;45;9;83;land;false;hills;1
3602;45;9;133;land;false;mountain;2
3603;45;10;232;sea;false;ocean;0
3604;45;12;48;land;false;plains;1
3605;45;12;198;land;true;plains;2
3606;45;12;240;land;false;forest;2
3607;45;14;248;sea;false;ocean;0
3608;45;15;163;land;false;forest;2
3609;45;15;218;land;false;hills;1
3610;45;16;236;sea;false;ocean;0
3611;45;17;244;sea;false;ocean;0
3612;45;18;78;land;false;mountain;1
3613;45;18;128;land;false;plains;2
3614;45;18;183;land;false;hills;1
3615;45;18;232;sea;true;ocean;0
3616;45;20;240;sea;true;ocean;0
3617;45;21;148;land;false;hills;1
3618;45;21;193;land;true;desert;6
3619;45;21;248;sea;false;ocean;0
3620;45;23;244;sea;false;ocean;0
3621;45;24;8;land;false;forest;1
3622;45;24;158;land;true;desert;6
3623;45;24;213;land;false;plains;1
3624;45;25;232;sea;true;ocean;0
3625;45;26;240;sea;true;ocean;0
3626;45;27;73;land;false;plains;1
3627;45;27;178;land;false;forest;1
3628;45;27;248;sea;false;ocean;0
3629;45;30;38;land;false;hills;1
3630;45;30;93;land;false;plains;1
3631;45;30;143;land;false;hills;1
3632;45;30;244;sea;false;ocean;0
3633;45;31;232;sea;true;ocean;0
3634;45;32;240;sea;true;ocean;0
3635;45;33;3;land;false;forest;2
3636;45;33;58;land;false;plains;1
3637;45;33;248;sea;false;ocean;0
3638;45;35;236;sea;false;ocean;0
3639;45;36;23;land;false;plains;1
3640;45;36;68;land;true;forest;2
3641;45;36;173;land;false;mountain;1
3642;45;36;244;sea;false;ocean;0
3643;45;37;232;sea;false;ocean;0
3644;45;39;33;land;true;mountain;2
3645;45;39;88;land;false;forest;1
3646;45;39;138;land;false;forest;1
3647;45;39;240;sea;false;ocean;0
3648;45;40;248;sea;false;ocean;0
3649;45;42;53;land;false;hills;1
3650;45;42;203;land;false;plains;1
3651;45;45;45;land;true;jungle;6
3652;45;45;168;land;false;plains;1
3653;45;45;223;land;true;hills;7
3654;45;48;83;land;false;hills;1
3655;45;48;133;land;false;plains;1
3656;45;48;188;land;false;hills;7
3657;45;51;48;land;false;mountain;1
3658;45;51;153;land;false;hills;7
3659;45;51;198;land;false;plains;1
3660;45;54;13;land;false;mountain;1
3661;45;54;163;land;false;forest;2
3662;45;57;78;land;false;mountain;1
3663;45;57;183;land;false;plains;1
3664;45;60;98;land;false;forest;6
3665;45;60;148;land;false;hills;1
3666;45;63;8;land;false;forest;1
3667;45;63;63;land;false;mountain;1
3668;45;66;28;land;true;plains;1
3669;45;66;73;land;false;plains;1
3670;45;66;178;land;false;forest;1
3671;45;69;38;land;false;plains;1
3672;45;69;93;land;false;plains;1
3673;45;69;143;land;false;hills;1
3674;45;72;208;land;false;mountain;1
3675;45;75;173;land;false;mountain;1
3676;45;78;88;land;false;mountain;1
3677;45;78;193;land;false;hills;2
3678;45;81;158;land;true;plains;2
3679;45;81;203;land;false;forest;1
3680;45;84;18;land;false;plains;1
3681;45;87;133;land;false;forest;1
3682;45;87;188;land;false;plains;1
3683;45;90;48;land;false;forest;1
3684;45;93;13;land;false;mountain;1
3685;45;93;68;land;true;plains;2
3686;45;93;218;land;true;urban;1
3687;45;96;33;land;true;plains;2
3688;45;96;78;land;false;forest;1
3689;45;96;183;land;false;mountain;1
3690;45;99;43;land;false;plains;1
3691;45;99;98;land;true;plains;2
3692;45;102;8;land;false;mountain;1
3693;45;102;63;land;false;forest;2
3694;45;102;213;land;false;plains;1
3695;45;105;28;land;false;mountain;6
3696;45;105;178;land;false;forest;1
3697;45;108;198;land;false;hills;2
3698;45;111;58;land;true;mountain;1
3699;45;111;163;land;false;plains;2
3700;45;111;208;land;false;plains;1
3701;45;114;23;land;true;plains;1
3702;45;114;128;land;false;hills;2
3703;45;114;173;land;false;plains;1
3704;45;117;88;land;false;plains;1
3705;45;117;138;land;false;plains;1
3706;45;117;193;land;false;hills;2
3707;45;120;53;land;false;plains;1
3708;45;120;158;land;false;plains;2
3709;45;123;18;land;false;hills;1
3710;45;123;73;land;false;forest;2
3711;45;123;223;land;false;mountain;1
3712;45;126;38;land;true;plains;2
3713;45;126;83;land;false;plains;1
3714;45;126;188;land;true;mountain;7
3715;45;129;3;land;false;mountain;2
3716;45;129;48;land;false;plains;1
3717;45;129;153;land;false;hills;1
3718;45;132;13;land;false;plains;1
3719;45;132;68;land;false;plains;2
3720;45;132;218;land;false;hills;1
3721;45;135;33;land;false;plains;2
3722;45;135;183;land;true;plains;1
3723;45;138;98;land;false;mountain;6
3724;45;138;148;land;false;plains;1
3725;45;138;203;land;false;mountain;1
3726;45;141;63;land;true;desert;1
3727;45;141;168;land;false;mountain;1
3728;45;141;213;land;false;forest;1
3729;45;144;133;land;false;mountain;1
3730;45;144;178;land;false;plains;1
3731;45;147;143;land;false;forest;1
3732;45;147;198;land;true;plains;2
3733;45;150;163;land;true;hills;2
3734;45;153;23;land;false;urban;1
3735;45;153;78;land;false;mountain;1
3736;45;153;128;land;false;forest;2
3737;45;156;43;land;false;mountain;1
3738;45;156;88;land;true;plains;1
3739;45;156;193;land;true;mountain;6
3740;45;159;8;land;false;plains;1
3741;45;159;53;land;false;forest;1
3742;45;159;158;land;false;desert;6
3743;45;162;18;land;false;mountain;1
3744;45;162;73;land;false;mountain;1
3745;45;162;223;land;false;hills;6
3746;45;165;188;land;false;plains;1
3747;45;168;3;land;true;hills;2
3748;45;168;153;land;false;plains;1
3749;45;168;208;land;false;hills;1
3750;45;171;68;land;false;plains;2
3751;45;171;173;land;false;forest;1
3752;45;171;218;land;false;plains;1
3753;45;174;33;land;true;mountain;6
3754;45;174;138;land;false;hills;1
3755;45;174;183;land;true;plains;1
3756;45;177;98;land;false;hills;6
3757;45;177;148;land;false;forest;1
3758;45;177;203;land;false;plains;1
3759;45;180;63;land;false;plains;1
3760;45;183;28;land;false;hills;1
3761;45;183;133;land;true;forest;1
3762;45;186;48;land;false;mountain;1
3763;45;186;198;land;true;plains;2
3764;45;189;13;land;false;mountain;1
3765;45;189;58;land;false;plains;1
3766;45;189;163;land;true;forest;2
3767;45;192;23;land;false;plains;1
3768;45;192;78;land;false;mountain;1
3769;45;192;128;land;false;plains;2
3770;45;195;43;land;false;mountain;1
3771;45;198;8;land;false;forest;1
3772;45;198;213;land;true;forest;1
3773;45;201;178;land;false;mountain;1
3774;45;201;223;land;false;plains;6
3775;45;204;38;land;true;urban;6
3776;45;204;143;land;false;plains;1
3777;45;204;188;land;false;plains;1
3778;45;207;3;land;false;urban;2
3779;45;207;153;land;false;plains;1
3780;45;207;208;land;false;urban;1
3781;45;210;68;land;false;mountain;2
3782;45;210;173;land;false;plains;1
3783;46;0;43;land;true;hills;6
3784;46;0;193;land;false;hills;2
3785;46;0;236;sea;true;ocean;0
3786;46;3;8;land;false;mountain;7
3787;46;3;158;land;false;plains;6
3788;46;3;213;land;false;mountain;7
3789;46;4;232;sea;false;ocean;0
3790;46;6;178;land;true;plains;1
3791;46;6;223;land;false;mountain;6
3792;46;6;240;sea;false;ocean;0
3793;46;8;248;sea;false;ocean;0
3794;46;9;38;land;false;hills;1
3795;46;9;143;land;false;plains;7
3796;46;9;188;land;false;plains;1
3797;46;10;236;sea;false;ocean;0
3798;46;12;3;land;false;forest;1
3799;46;12;208;land;false;forest;1
3800;46;12;244;land;false;forest;2
3801;46;14;232;sea;false;ocean;0
3802;46;15;68;land;false;forest;2
3803;46;15;173;land;false;mountain;6
3804;46;16;240;sea;false;ocean;0
3805;46;17;248;sea;true;ocean;0
3806;46;18;33;land;false;plains;2
3807;46;18;138;land;false;plains;7
3808;46;18;236;sea;false;ocean;0
3809;46;20;244;sea;true;ocean;0
3810;46;21;53;land;false;hills;1
3811;46;21;98;land;false;hills;6
3812;46;21;232;sea;false;ocean;0
3813;46;23;248;sea;false;ocean;0
3814;46;24;18;land;false;plains;6
3815;46;24;63;land;false;hills;6
3816;46;24;168;land;false;urban;1
3817;46;25;236;sea;false;ocean;0
3818;46;26;244;sea;true;ocean;0
3819;46;27;28;land;false;hills;1
3820;46;27;133;land;false;hills;1
3821;46;27;232;sea;false;ocean;0
3822;46;28;240;sea;false;ocean;0
3823;46;30;48;land;false;forest;2
3824;46;30;198;land;false;plains;2
3825;46;30;248;sea;false;ocean;0
3826;46;31;236;sea;true;ocean;0
3827;46;32;244;sea;false;ocean;0
3828;46;33;13;land;false;hills;6
3829;46;33;163;land;false;hills;2
3830;46;33;218;land;false;plains;6
3831;46;34;232;sea;false;ocean;0
3832;46;35;240;sea;false;ocean;0
3833;46;36;78;land;false;mountain;1
3834;46;36;128;land;false;mountain;2
3835;46;36;183;land;false;hills;1
3836;46;36;248;sea;false;ocean;0
3837;46;37;236;sea;false;ocean;0
3838;46;39;43;land;true;hills;1
3839;46;39;148;land;false;mountain;6
3840;46;39;193;land;true;hills;2
3841;46;39;244;sea;false;ocean;0
3842;46;40;232;sea;true;ocean;0
3843;46;42;158;land;false;hills;6
3844;46;42;213;land;true;mountain;1
3845;46;45;73;land;false;mountain;1
3846;46;45;178;land;false;forest;1
3847;46;48;38;land;false;mountain;2
3848;46;48;93;land;false;hills;6
3849;46;48;143;land;false;mountain;6
3850;46;51;3;land;false;hills;2
3851;46;51;208;land;true;plains;7
3852;46;54;23;land;true;hills;6
3853;46;54;68;land;false;plains;2
3854;46;54;173;land;false;forest;5
3855;46;57;33;land;false;plains;2
3856;46;57;88;land;false;mountain;7
3857;46;57;138;land;true;hills;1
3858;46;60;53;land;false;plains;1
3859;46;60;203;land;false;hills;1
3860;46;63;18;land;false;mountain;6
3861;46;63;223;land;true;plains;1
3862;46;66;83;land;false;plains;7
3863;46;66;133;land;false;plains;2
3864;46;66;188;land;true;hills;1
3865;46;69;48;land;false;mountain;1
3866;46;69;153;land;true;plains;1
3867;46;69;198;land;false;mountain;2
3868;46;72;13;land;true;plains;1
3869;46;72;163;land;false;mountain;2
3870;46;72;218;land;false;plains;7
3871;46;75;78;land;false;hills;1
3872;46;75;128;land;false;plains;2
3873;46;75;183;land;true;hills;1
3874;46;78;43;land;false;plains;1
3875;46;78;148;land;false;plains;2
3876;46;81;63;land;false;mountain;7
3877;46;81;213;land;false;plains;6
3878;46;84;73;land;true;urban;2
3879;46;84;178;land;true;plains;1
3880;46;87;38;land;false;forest;2
3881;46;87;93;land;false;hills;6
3882;46;87;143;land;false;mountain;1
3883;46;90;3;land;false;mountain;2
3884;46;90;58;land;true;plains;1
3885;46;90;208;land;false;hills;1
3886;46;93;23;land;false;forest;1
3887;46;93;173;land;false;mountain;1
3888;46;96;88;land;false;mountain;6
3889;46;96;193;land;false;mountain;7
3890;46;99;53;land;false;plains;7
3891;46;99;158;land;false;hills;1
3892;46;99;203;land;false;hills;1
3893;46;102;18;land;false;plains;1
3894;46;102;168;land;false;forest;2
3895;46;102;223;land;false;mountain;6
3896;46;105;83;land;false;mountain;1
3897;46;105;133;land;false;hills;2
3898;46;108;48;land;false;mountain;1
3899;46;111;13;land;false;mountain;1
3900;46;111;68;land;true;plains;6
3901;46;114;33;land;true;mountain;1
3902;46;114;78;land;false;hills;1
3903;46;114;183;land;false;plains;7
3904;46;117;98;land;false;mountain;6
3905;46;117;148;land;false;mountain;7
3906;46;120;8;land;true;plains;2
3907;46;120;63;land;false;hills;7
3908;46;120;213;land;false;mountain;1
3909;46;123;28;land;false;mountain;1
3910;46;123;178;land;false;mountain;1
3911;46;126;93;land;false;forest;2
3912;46;126;198;land;false;mountain;6
3913;46;129;58;land;false;hills;6
3914;46;129;163;land;false;mountain;1
3915;46;129;208;land;false;hills;1
3916;46;132;23;land;false;plains;7
3917;46;132;128;land;true;plains;2
3918;46;132;173;land;false;plains;1
3919;46;135;88;land;false;mountain;7
3920;46;135;138;land;false;plains;1
3921;46;135;193;land;false;plains;7
3922;46;138;53;land;false;hills;1
3923;46;138;158;land;false;mountain;1
3924;46;141;18;land;true;plains;1
3925;46;141;73;land;false;forest;2
3926;46;141;223;land;false;forest;1
3927;46;144;38;land;false;mountain;7
3928;46;144;83;land;true;forest;1
3929;46;144;188;land;false;mountain;6
3930;46;147;3;land;false;plains;1
3931;46;147;48;land;false;mountain;1
3932;46;147;153;land;false;plains;6
3933;46;150;13;land;false;mountain;1
3934;46;150;68;land;false;plains;6
3935;46;150;218;land;false;plains;7
3936;46;153;33;land;true;plains;1
3937;46;153;183;land;false;mountain;1
3938;46;156;98;land;false;urban;1
3939;46;156;148;land;false;hills;1
3940;46;156;203;land;false;hills;1
3941;46;159;63;land;false;mountain;2
3942;46;159;168;land;false;desert;7
3943;46;159;213;land;true;plains;1
3944;46;162;28;land;false;plains;6
3945;46;162;133;land;false;hills;1
3946;46;162;178;land;true;hills;1
3947;46;165;93;land;false;mountain;6
3948;46;165;143;land;false;forest;1
3949;46;165;198;land;false;hills;6
3950;46;168;58;land;false;mountain;7
3951;46;168;163;land;false;mountain;7
3952;46;171;23;land;false;hills;1
3953;46;171;78;land;false;plains;1
3954;46;171;128;land;false;hills;1
3955;46;174;43;land;false;forest;6
3956;46;174;88;land;false;hills;1
3957;46;174;193;land;true;urban;2
3958;46;177;8;land;false;mountain;1
3959;46;177;53;land;false;mountain;1
3960;46;177;158;land;false;plains;2
3961;46;180;18;land;false;mountain;1
3962;46;180;73;land;true;hills;6
3963;46;180;223;land;false;plains;6
3964;46;183;38;land;false;plains;7
3965;46;183;188;land;false;mountain;7
3966;46;186;3;land;true;hills;1
3967;46;186;153;land;true;mountain;7
3968;46;186;208;land;true;mountain;1
3969;46;189;68;land;false;hills;1
3970;46;189;173;land;false;hills;6
3971;46;189;218;land;false;mountain;1
3972;46;192;33;land;false;plains;2
3973;46;192;138;land;true;plains;1
3974;46;192;183;land;false;hills;1
3975;46;195;98;land;false;mountain;2
3976;46;195;148;land;false;mountain;1
3977;46;198;63;land;false;hills;6
3978;46;198;168;land;false;plains;6
3979;46;201;28;land;false;mountain;7
3980;46;201;133;land;false;hills;1
3981;46;204;48;land;true;hills;6
3982;46;204;93;land;true;mountain;7
3983;46;207;13;land;false;mountain;7
3984;46;207;58;land;false;hills;1
3985;46;210;23;land;false;mountain;1
3986;46;210;78;land;false;hills;1
3987;47;0;98;land;false;desert;5
3988;47;0;148;land;true;hills;1
3989;47;0;203;land;false;mountain;6
3990;47;0;240;sea;true;ocean;0
3991;47;3;63;land;false;mountain;5
3992;47;3;168;land;false;urban;6
3993;47;4;236;sea;false;ocean;0
3994;47;6;28;land;false;plains;2
3995;47;6;83;land;true;plains;6
3996;47;6;133;land;false;plains;5
3997;47;6;244;sea;false;ocean;0
3998;47;8;232;sea;false;ocean;0
3999;47;9;48;land;false;mountain;6
4000;47;9;93;land;false;mountain;6
4001;47;9;198;land;false;plains;6
4002;47;10;240;sea;true;ocean;0
4003;47;12;13;land;true;plains;6
4004;47;12;58;land;false;hills;6
4005;47;12;163;land;false;plains;6
4006;47;12;248;land;false;plains;6
4007;47;14;236;sea;false;ocean;0
4008;47;15;23;land;true;hills;7
4009;47;15;78;land;false;plains;6
4010;47;15;128;land;false;hills;6
4011;47;16;244;sea;true;ocean;0
4012;47;17;232;sea;false;ocean;0
4013;47;18;43;land;true;mountain;6
4014;47;18;193;land;true;plains;1
4015;47;18;240;sea;false;ocean;0
4016;47;20;248;sea;true;ocean;0
4017;47;21;8;land;false;mountain;7
4018;47;21;158;land;false;mountain;5
4019;47;21;213;land;false;mountain;6
4020;47;21;236;sea;false;ocean;0
4021;47;23;232;sea;false;ocean;0
4022;47;24;73;land;false;desert;5
4023;47;24;178;land;true;forest;6
4024;47;24;223;land;false;plains;1
4025;47;25;240;sea;true;ocean;0
4026;47;26;248;sea;true;ocean;0
4027;47;27;38;land;true;hills;6
4028;47;27;143;land;false;forest;6
4029;47;27;188;land;false;forest;2
4030;47;27;236;sea;false;ocean;0
4031;47;30;3;land;true;hills;6
4032;47;30;153;land;false;plains;6
4033;47;30;208;land;false;plains;5
4034;47;30;232;sea;false;ocean;0
4035;47;31;240;sea;true;ocean;0
4036;47;32;248;sea;true;ocean;0
4037;47;33;68;land;false;hills;6
4038;47;33;173;land;false;mountain;6
4039;47;34;236;sea;false;ocean;0
4040;47;35;244;sea;false;ocean;0
4041;47;36;88;land;false;forest;6
4042;47;36;138;land;true;hills;6
4043;47;36;232;sea;false;ocean;0
4044;47;37;240;sea;false;ocean;0
4045;47;39;53;land;false;plains;6
4046;47;39;98;land;true;mountain;5
4047;47;39;203;land;true;desert;5
4048;47;39;248;sea;false;ocean;0
4049;47;40;236;sea;true;ocean;0
4050;47;42;18;land;true;mountain;6
4051;47;42;168;land;false;desert;5
4052;47;45;28;land;true;urban;6
4053;47;45;83;land;false;mountain;6
4054;47;45;133;land;true;hills;6
4055;47;48;48;land;false;plains;5
4056;47;48;198;land;true;urban;6
4057;47;51;13;land;true;desert;5
4058;47;51;163;land;false;hills;6
4059;47;51;218;land;false;mountain;6
4060;47;54;78;land;false;desert;5
4061;47;54;128;land;false;hills;5
4062;47;54;183;land;true;plains;6
4063;47;57;43;land;false;mountain;5
4064;47;57;148;land;false;plains;6
4065;47;57;193;land;true;hills;1
4066;47;60;8;land;false;hills;6
4067;47;60;158;land;true;hills;6
4068;47;60;213;land;true;mountain;5
4069;47;63;73;land;false;mountain;6
4070;47;63;178;land;false;forest;6
4071;47;66;38;land;false;hills;6
4072;47;66;93;land;false;plains;6
4073;47;66;143;land;true;desert;5
4074;47;69;3;land;false;mountain;6
4075;47;69;58;land;false;urban;6
4076;47;69;208;land;true;urban;5
4077;47;72;23;land;false;plains;6
4078;47;72;68;land;false;mountain;1
4079;47;72;173;land;false;plains;6
4080;47;75;33;land;true;forest;1
4081;47;75;88;land;false;mountain;6
4082;47;75;138;land;false;plains;6
4083;47;78;53;land;false;forest;6
4084;47;78;203;land;false;plains;5
4085;47;81;18;land;false;plains;6
4086;47;81;168;land;false;hills;6
4087;47;81;223;land;false;plains;6
4088;47;84;83;land;false;desert;7
4089;47;84;133;land;true;plains;6
4090;47;84;188;land;true;plains;6
4091;47;87;48;land;true;forest;6
4092;47;87;153;land;false;hills;6
4093;47;87;198;land;false;hills;6
4094;47;90;13;land;true;hills;6
4095;47;90;163;land;false;hills;1
4096;47;90;218;land;true;mountain;6
4097;47;93;78;land;false;hills;5
4098;47;93;128;land;true;hills;1
4099;47;93;183;land;true;mountain;6
4100;47;96;43;land;true;plains;6
4101;47;96;98;land;true;jungle;6
4102;47;96;148;land;true;hills;6
4103;47;99;8;land;false;hills;6
4104;47;99;63;land;true;forest;6
4105;47;99;213;land;false;hills;6
4106;47;102;28;land;false;plains;6
4107;47;102;73;land;true;plains;6
4108;47;102;178;land;false;mountain;5
4109;47;105;38;land;true;urban;1
4110;47;105;93;land;false;plains;6
4111;47;105;143;land;false;urban;7
4112;47;108;3;land;true;urban;7
4113;47;108;58;land;false;hills;6
4114;47;108;208;land;false;plains;6
4115;47;111;23;land;true;mountain;7
4116;47;111;173;land;true;mountain;5
4117;47;114;88;land;false;desert;5
4118;47;114;138;land;true;hills;6
4119;47;114;193;land;true;plains;6
4120;47;117;53;land;true;hills;5
4121;47;117;158;land;false;mountain;6
4122;47;117;203;land;false;mountain;6
4123;47;120;18;land;false;plains;6
4124;47;120;168;land;true;plains;7
4125;47;120;223;land;false;mountain;6
4126;47;123;83;land;true;hills;6
4127;47;123;133;land;true;mountain;7
4128;47;123;188;land;false;forest;5
4129;47;126;48;land;false;plains;5
4130;47;126;153;land;false;plains;6
4131;47;129;13;land;false;mountain;5
4132;47;129;68;land;true;plains;6
4133;47;129;218;land;false;desert;5
4134;47;132;33;land;false;plains;6
4135;47;132;78;land;true;mountain;1
4136;47;132;183;land;true;mountain;5
4137;47;135;43;land;true;plains;6
4138;47;135;98;land;false;desert;5
4139;47;135;148;land;false;plains;5
4140;47;138;8;land;false;hills;6
4141;47;138;63;land;false;mountain;6
4142;47;138;213;land;true;hills;6
4143;47;141;28;land;false;desert;5
4144;47;141;178;land;false;hills;6
4145;47;144;93;land;true;desert;5
4146;47;144;143;land;false;hills;5
4147;47;144;198;land;false;mountain;6
4148;47;147;58;land;false;plains;6
4149;47;147;163;land;false;desert;6
4150;47;147;208;land;false;mountain;5
4151;47;150;23;land;true;hills;5
4152;47;150;128;land;false;hills;6
4153;47;150;173;land;false;mountain;6
4154;47;153;88;land;false;mountain;5
4155;47;153;138;land;true;plains;3
4156;47;153;193;land;false;forest;6
4157;47;156;53;land;true;plains;6
4158;47;156;158;land;false;plains;6
4159;47;159;18;land;true;mountain;1
4160;47;159;73;land;true;plains;6
4161;47;159;223;land;true;desert;7
4162;47;162;38;land;true;forest;6
4163;47;162;83;land;true;hills;5
4164;47;162;188;land;true;hills;6
4165;47;165;3;land;false;mountain;6
4166;47;165;48;land;true;plains;2
4167;47;165;153;land;false;hills;6
4168;47;168;13;land;true;plains;2
4169;47;168;68;land;true;mountain;6
4170;47;168;218;land;true;plains;1
4171;47;171;33;land;false;forest;5
4172;47;171;183;land;false;hills;6
4173;47;174;98;land;false;plains;6
4174;47;174;148;land;false;mountain;6
4175;47;174;203;land;false;hills;6
4176;47;177;63;land;false;desert;5
4177;47;177;168;land;false;mountain;6
4178;47;177;213;land;true;mountain;1
4179;47;180;28;land;true;hills;6
4180;47;180;133;land;true;plains;6
4181;47;183;93;land;false;hills;6
4182;47;183;143;land;false;hills;1
4183;47;183;198;land;false;hills;6
4184;47;186;58;land;true;plains;6
4185;47;186;163;land;false;plains;6
4186;47;189;23;land;true;hills;6
4187;47;189;78;land;true;forest;6
4188;47;189;128;land;true;plains;6
4189;47;192;43;land;true;forest;6
4190;47;192;88;land;false;hills;6
4191;47;192;193;land;false;desert;5
4192;47;195;8;land;false;mountain;6
4193;47;195;53;land;true;plains;1
4194;47;195;158;land;true;hills;5
4195;47;198;18;land;false;hills;1
4196;47;198;73;land;true;urban;6
4197;47;198;223;land;false;hills;6
4198;47;201;38;land;true;plains;6
4199;47;201;188;land;true;hills;5
4200;47;204;3;land;false;desert;5
4201;225;76;133;lake;false;lakes;0
4202;47;204;208;land;false;desert;6
4203;47;207;68;land;false;plains;6
4204;47;207;173;land;false;plains;6
4205;47;207;218;land;true;hills;6
4206;47;210;33;land;true;urban;7
4207;47;210;138;land;false;mountain;6
4208;47;210;183;land;false;forest;6
4209;48;0;8;land;false;forest;6
4210;48;0;53;land;false;hills;6
4211;48;0;158;land;true;jungle;6
4212;48;0;244;sea;true;ocean;0
4213;48;2;236;sea;false;ocean;0
4214;48;3;18;land;true;mountain;6
4215;48;3;73;land;false;plains;6
4216;48;3;223;land;true;jungle;6
4217;48;4;240;sea;false;ocean;0
4218;48;6;38;land;false;plains;2
4219;48;6;188;land;true;hills;6
4220;48;6;248;sea;false;ocean;0
4221;48;8;236;sea;false;ocean;0
4222;48;9;3;land;false;plains;6
4223;48;9;153;land;true;plains;6
4224;48;9;208;land;false;desert;6
4225;48;10;244;sea;true;ocean;0
4226;48;12;68;land;true;jungle;4
4227;48;12;173;land;false;desert;6
4228;48;12;218;land;true;desert;6
4229;48;12;232;land;false;mountain;6
4230;48;14;240;sea;false;ocean;0
4231;48;15;33;land;true;plains;4
4232;48;15;138;land;false;plains;6
4233;48;15;183;land;true;jungle;6
4234;48;16;248;sea;false;ocean;0
4235;48;17;236;sea;false;ocean;0
4236;48;18;98;land;false;hills;6
4237;48;18;148;land;true;forest;6
4238;48;18;203;land;false;plains;6
4239;48;18;244;sea;false;ocean;0
4240;48;20;232;sea;true;ocean;0
4241;48;21;63;land;true;jungle;6
4242;48;21;168;land;false;forest;6
4243;48;21;240;sea;false;ocean;0
4244;48;23;236;sea;false;ocean;0
4245;48;24;28;land;true;urban;6
4246;48;24;83;land;false;forest;6
4247;48;24;133;land;true;plains;4
4248;48;25;244;sea;false;ocean;0
4249;48;26;232;sea;false;ocean;0
4250;48;27;48;land;false;desert;6
4251;48;27;93;land;false;forest;6
4252;48;27;198;land;true;jungle;4
4253;48;27;240;sea;false;ocean;0
4254;48;30;13;land;false;desert;6
4255;48;30;58;land;true;hills;6
4256;48;30;163;land;false;hills;6
4257;48;30;236;sea;false;ocean;0
4258;48;31;244;sea;false;ocean;0
4259;48;32;232;sea;false;ocean;0
4260;48;33;23;land;false;hills;6
4261;48;33;78;land;false;plains;6
4262;48;33;128;land;true;mountain;6
4263;48;34;240;sea;false;ocean;0
4264;48;35;248;sea;false;ocean;0
4265;48;36;43;land;false;mountain;6
4266;48;36;193;land;true;hills;6
4267;48;37;244;sea;false;ocean;0
4268;48;39;8;land;true;plains;4
4269;48;39;158;land;true;desert;6
4270;48;39;213;land;false;plains;2
4271;48;39;232;sea;false;ocean;0
4272;42;223;211;lake;false;lakes;0
4273;48;42;73;land;true;plains;6
4274;48;42;178;land;false;mountain;2
4275;48;42;223;land;true;jungle;6
4276;48;45;38;land;false;jungle;6
4277;48;45;143;land;false;desert;6
4278;48;45;188;land;false;plains;6
4279;48;48;3;land;true;jungle;6
4280;48;48;153;land;false;forest;6
4281;48;48;208;land;false;plains;6
4282;48;51;68;land;true;jungle;6
4283;48;51;173;land;false;plains;6
4284;48;54;33;land;true;plains;6
4285;48;54;88;land;true;forest;2
4286;48;54;138;land;true;plains;6
4287;48;57;53;land;false;forest;2
4288;48;57;98;land;true;jungle;6
4289;48;57;203;land;true;jungle;4
4290;48;60;18;land;false;forest;6
4291;48;60;63;land;false;mountain;6
4292;48;60;168;land;true;jungle;4
4293;48;63;28;land;false;jungle;6
4294;48;63;83;land;false;forest;6
4295;48;63;133;land;false;hills;6
4296;48;66;48;land;true;mountain;2
4297;48;66;198;land;false;jungle;6
4298;48;69;13;land;false;forest;6
4299;48;69;163;land;false;plains;6
4300;48;69;218;land;false;desert;6
4301;48;72;78;land;true;jungle;6
4302;48;72;128;land;false;forest;6
4303;48;72;183;land;false;plains;6
4304;48;75;43;land;true;jungle;4
4305;48;75;148;land;true;hills;2
4306;48;75;193;land;true;plains;6
4307;48;78;8;land;true;jungle;6
4308;48;78;158;land;true;jungle;6
4309;48;78;213;land;false;plains;6
4310;48;81;73;land;false;mountain;6
4311;48;81;178;land;false;mountain;6
4312;48;84;38;land;true;jungle;6
4313;48;84;93;land;false;plains;6
4314;48;84;143;land;false;forest;6
4315;48;87;3;land;false;mountain;6
4316;48;87;58;land;false;mountain;6
4317;48;87;208;land;false;mountain;4
4318;48;90;23;land;false;mountain;6
4319;48;90;68;land;false;hills;6
4320;48;90;173;land;true;mountain;6
4321;48;93;33;land;true;plains;6
4322;48;93;88;land;false;plains;6
4323;48;93;138;land;false;jungle;6
4324;48;96;53;land;false;forest;6
4325;48;96;203;land;false;plains;6
4326;48;99;18;land;false;forest;6
4327;48;99;168;land;true;plains;6
4328;48;99;223;land;false;hills;2
4329;48;102;83;land;true;jungle;4
4330;48;102;133;land;false;forest;6
4331;48;102;188;land;false;mountain;2
4332;48;105;48;land;true;jungle;4
4333;48;105;153;land;false;urban;6
4334;48;105;198;land;true;hills;6
4335;48;108;13;land;false;jungle;6
4336;48;108;163;land;true;jungle;6
4337;48;108;218;land;false;plains;6
4338;48;111;78;land;false;hills;6
4339;48;111;128;land;false;forest;6
4340;48;111;183;land;false;plains;6
4341;48;114;43;land;true;plains;6
4342;48;114;98;land;true;forest;2
4343;48;114;148;land;false;mountain;2
4344;48;117;8;land;false;mountain;6
4345;48;117;63;land;false;urban;2
4346;48;117;213;land;true;mountain;4
4347;48;120;28;land;false;mountain;2
4348;48;120;73;land;false;hills;6
4349;48;120;178;land;true;mountain;6
4350;48;123;38;land;true;mountain;6
4351;48;123;93;land;false;desert;6
4352;48;123;143;land;true;jungle;4
4353;48;126;3;land;false;plains;6
4354;48;126;58;land;false;plains;6
4355;48;126;208;land;true;jungle;6
4356;48;129;23;land;false;plains;6
4357;48;129;173;land;true;plains;6
4358;48;132;88;land;true;jungle;6
4359;48;132;138;land;true;hills;6
4360;48;132;193;land;true;plains;2
4361;48;135;53;land;true;hills;6
4362;48;135;158;land;false;hills;2
4363;48;135;203;land;false;forest;6
4364;48;138;18;land;true;jungle;6
4365;48;138;168;land;false;plains;6
4366;48;138;223;land;false;plains;6
4367;48;141;83;land;true;hills;6
4368;48;141;133;land;true;mountain;6
4369;48;141;188;land;false;plains;6
4370;48;143;205;sea;true;ocean;0
4371;48;144;48;land;true;hills;6
4372;48;144;153;land;false;plains;6
4373;48;147;13;land;true;jungle;6
4374;48;147;68;land;false;mountain;6
4375;48;147;218;land;false;plains;6
4376;48;150;33;land;false;desert;6
4377;48;150;78;land;true;plains;6
4378;48;150;183;land;true;jungle;4
4379;48;153;43;land;true;hills;6
4380;48;153;98;land;true;hills;2
4381;48;153;148;land;false;jungle;6
4382;48;156;8;land;false;desert;6
4383;48;156;63;land;false;mountain;6
4384;48;156;213;land;false;mountain;6
4385;48;159;28;land;true;mountain;2
4386;48;159;178;land;false;mountain;6
4387;48;162;93;land;true;plains;6
4388;48;162;143;land;true;jungle;6
4389;48;162;198;land;false;desert;6
4390;48;165;58;land;true;plains;6
4391;48;165;163;land;false;mountain;6
4392;48;165;208;land;false;hills;6
4393;48;168;23;land;true;jungle;4
4394;48;168;128;land;false;plains;6
4395;48;168;173;land;true;mountain;6
4396;48;171;88;land;true;jungle;6
4397;48;171;138;land;true;forest;6
4398;48;171;193;land;true;forest;2
4399;48;174;53;land;true;jungle;6
4400;48;174;158;land;false;plains;6
4401;48;177;18;land;true;urban;6
4402;48;177;73;land;false;plains;2
4403;48;177;223;land;false;plains;6
4404;48;180;38;land;true;hills;6
4405;48;180;83;land;true;hills;6
4406;48;180;188;land;false;mountain;6
4407;48;183;3;land;false;mountain;6
4408;48;183;48;land;false;jungle;6
4409;48;183;153;land;true;jungle;6
4410;48;186;13;land;false;plains;6
4411;48;186;68;land;false;plains;6
4412;48;186;218;land;true;jungle;6
4413;48;189;33;land;false;mountain;2
4414;48;189;183;land;false;plains;6
4415;48;192;98;land;true;forest;4
4416;48;192;148;land;true;mountain;6
4417;48;192;203;land;false;hills;2
4418;48;195;63;land;true;mountain;4
4419;48;195;168;land;false;forest;2
4420;48;195;213;land;false;plains;6
4421;48;198;28;land;true;jungle;4
4422;48;198;133;land;true;hills;2
4423;48;198;178;land;false;mountain;6
4424;48;201;93;land;true;jungle;6
4425;48;201;143;land;false;mountain;6
4426;48;201;198;land;false;forest;2
4427;48;204;58;land;true;mountain;6
4428;48;204;163;land;true;mountain;2
4429;48;207;23;land;true;desert;6
4430;48;207;78;land;true;forest;2
4431;48;207;128;land;false;mountain;6
4432;48;210;43;land;true;forest;2
4433;48;210;88;land;true;jungle;6
4434;48;210;193;land;true;hills;6
4435;49;0;63;land;false;mountain;6
4436;49;0;168;land;true;plains;3
4437;49;0;213;land;false;plains;2
4438;49;0;248;sea;false;ocean;0
4439;49;2;236;sea;false;ocean;0
4440;49;3;28;land;false;desert;7
4441;49;3;133;land;false;forest;4
4442;49;3;178;land;false;plains;2
4443;49;4;244;sea;false;ocean;0
4444;49;6;93;land;false;plains;2
4445;49;6;143;land;false;hills;2
4446;49;6;198;land;true;mountain;6
4447;49;6;232;sea;false;ocean;0
4448;49;8;240;sea;false;ocean;0
4449;49;9;58;land;false;plains;2
4450;49;9;163;land;true;plains;3
4451;49;10;248;sea;true;ocean;0
4452;49;12;23;land;false;forest;2
4453;49;12;78;land;false;plains;4
4454;49;12;128;land;false;mountain;6
4455;49;12;236;land;false;plains;6
4456;49;14;244;sea;false;ocean;0
4457;49;15;43;land;true;plains;3
4458;49;15;88;land;true;hills;1
4459;49;15;193;land;false;hills;6
4460;49;16;232;sea;false;ocean;0
4461;49;17;240;sea;false;ocean;0
4462;49;18;8;land;true;forest;4
4463;49;18;53;land;true;hills;1
4464;49;18;158;land;true;forest;2
4465;49;18;248;sea;true;ocean;0
4466;49;20;236;sea;true;ocean;0
4467;49;21;18;land;false;mountain;6
4468;49;21;73;land;true;jungle;4
4469;49;21;223;land;false;mountain;6
4470;49;21;244;sea;false;ocean;0
4471;49;23;240;sea;false;ocean;0
4472;49;24;38;land;false;plains;6
4473;49;24;188;land;true;mountain;7
4474;49;25;248;sea;false;ocean;0
4475;49;26;236;sea;false;ocean;0
4476;49;27;3;land;true;plains;3
4477;49;27;153;land;false;plains;7
4478;49;27;208;land;false;hills;4
4479;49;27;244;sea;false;ocean;0
4480;49;30;68;land;false;forest;6
4481;49;30;173;land;true;forest;4
4482;49;30;218;land;false;desert;6
4483;49;30;240;sea;false;ocean;0
4484;49;31;248;sea;true;ocean;0
4485;49;32;236;sea;true;ocean;0
4486;49;33;33;land;false;mountain;7
4487;49;33;138;land;false;forest;4
4488;49;33;183;land;false;desert;6
4489;49;34;244;sea;false;ocean;0
4490;49;35;232;sea;false;ocean;0
4491;49;36;98;land;false;forest;2
4492;49;36;148;land;false;desert;6
4493;49;36;203;land;true;jungle;6
4494;49;37;248;sea;false;ocean;0
4495;49;39;63;land;false;forest;6
4496;49;39;168;land;false;forest;6
4497;49;39;236;sea;false;ocean;0
4498;49;40;244;sea;false;ocean;0
4499;49;42;28;land;false;desert;6
4500;49;42;83;land;false;hills;4
4501;49;42;133;land;false;hills;6
4502;49;45;48;land;false;forest;4
4503;49;45;93;land;false;plains;6
4504;49;45;198;land;false;mountain;6
4505;49;48;13;land;false;hills;4
4506;49;48;58;land;false;plains;6
4507;49;48;163;land;true;marsh;2
4508;49;51;23;land;false;plains;2
4509;49;51;78;land;true;jungle;4
4510;49;51;128;land;false;plains;2
4511;49;54;43;land;false;forest;6
4512;49;54;193;land;false;hills;7
4513;49;57;8;land;false;mountain;6
4514;49;57;158;land;false;plains;6
4515;49;57;213;land;false;forest;5
4516;49;60;73;land;false;urban;6
4517;49;60;178;land;false;forest;4
4518;49;60;223;land;false;plains;2
4519;49;63;38;land;false;plains;6
4520;49;63;143;land;true;forest;4
4521;49;63;188;land;false;mountain;2
4522;49;66;3;land;false;forest;2
4523;49;66;153;land;false;desert;6
4524;49;66;208;land;true;jungle;4
4525;49;69;68;land;false;desert;6
4526;49;69;173;land;true;plains;3
4527;49;72;33;land;false;plains;2
4528;49;72;88;land;true;mountain;5
4529;49;72;138;land;false;forest;6
4530;49;75;53;land;false;hills;4
4531;49;75;98;land;false;plains;2
4532;49;75;203;land;false;plains;6
4533;49;78;18;land;true;mountain;3
4534;49;78;63;land;false;hills;7
4535;49;78;168;land;true;marsh;2
4536;49;81;28;land;false;mountain;6
4537;49;81;83;land;true;jungle;6
4538;49;81;133;land;false;hills;6
4539;49;84;48;land;false;forest;6
4540;49;84;198;land;false;forest;2
4541;49;87;13;land;false;hills;6
4542;49;87;163;land;false;mountain;6
4543;49;87;218;land;true;urban;4
4544;49;90;78;land;false;plains;6
4545;49;90;128;land;false;mountain;1
4546;49;90;183;land;false;forest;4
4547;49;93;43;land;false;forest;6
4548;49;93;148;land;true;mountain;3
4549;49;93;193;land;false;desert;6
4550;49;96;8;land;false;mountain;7
4551;49;96;158;land;false;forest;6
4552;49;96;213;land;false;jungle;4
4553;49;99;73;land;false;mountain;7
4554;49;99;178;land;false;forest;6
4555;49;102;38;land;false;plains;6
4556;49;102;93;land;false;mountain;5
4557;49;102;143;land;false;forest;6
4558;49;105;3;land;false;mountain;6
4559;49;105;208;land;false;mountain;6
4560;49;108;23;land;true;forest;4
4561;49;108;68;land;false;plains;6
4562;49;108;173;land;false;desert;7
4563;49;111;33;land;true;desert;6
4564;49;111;88;land;true;jungle;6
4565;49;111;138;land;false;plains;2
4566;49;114;53;land;false;hills;6
4567;49;114;203;land;false;hills;2
4568;49;117;18;land;false;mountain;6
4569;49;117;168;land;false;urban;2
4570;49;117;223;land;false;forest;3
4571;49;120;83;land;false;plains;6
4572;49;120;133;land;false;urban;6
4573;49;120;188;land;true;plains;3
4574;49;123;48;land;false;desert;7
4575;49;123;153;land;false;plains;3
4576;49;123;198;land;true;plains;6
4577;49;126;13;land;false;forest;2
4578;49;126;163;land;false;desert;6
4579;49;126;218;land;true;plains;6
4580;49;129;78;land;true;forest;7
4581;49;129;128;land;false;desert;6
4582;49;129;183;land;false;forest;6
4583;49;132;43;land;false;hills;7
4584;49;132;98;land;false;mountain;5
4585;49;132;148;land;false;mountain;6
4586;49;135;8;land;false;plains;2
4587;49;135;63;land;false;forest;3
4588;49;135;213;land;false;plains;6
4589;49;138;28;land;false;plains;3
4590;49;138;73;land;false;hills;2
4591;49;138;178;land;false;desert;7
4592;49;141;38;land;false;plains;6
4593;49;141;93;land;true;jungle;4
4594;49;141;143;land;false;plains;2
4595;49;144;3;land;false;desert;6
4596;49;144;58;land;false;forest;6
4597;49;144;208;land;false;hills;2
4598;49;147;23;land;true;mountain;3
4599;49;147;173;land;false;desert;6
4600;49;150;88;land;true;plains;3
4601;49;150;138;land;false;hills;2
4602;49;150;193;land;false;hills;3
4603;49;153;53;land;false;desert;7
4604;49;153;158;land;false;plains;3
4605;49;153;203;land;false;hills;7
4606;49;156;18;land;false;hills;6
4607;49;156;168;land;false;mountain;2
4608;49;156;223;land;true;urban;6
4609;49;159;83;land;true;forest;7
4610;49;159;133;land;false;plains;2
4611;49;159;188;land;true;jungle;3
4612;49;162;48;land;false;plains;6
4613;49;162;153;land;false;mountain;6
4614;49;165;13;land;false;plains;7
4615;49;165;68;land;true;plains;4
4616;49;165;218;land;false;plains;6
4617;49;168;33;land;false;plains;3
4618;49;168;78;land;false;desert;6
4619;49;168;183;land;false;urban;6
4620;49;171;43;land;false;desert;6
4621;49;171;98;land;true;mountain;6
4622;49;171;148;land;false;forest;2
4623;49;174;8;land;true;forest;2
4624;49;174;63;land;true;jungle;3
4625;49;174;213;land;false;plains;2
4626;49;177;28;land;false;mountain;6
4627;49;177;178;land;false;forest;2
4628;49;180;93;land;false;plains;6
4629;49;180;143;land;false;mountain;6
4630;49;180;198;land;true;plains;4
4631;49;183;58;land;false;forest;6
4632;49;183;163;land;false;forest;4
4633;49;183;208;land;false;plains;6
4634;49;186;23;land;false;mountain;6
4635;49;186;128;land;false;jungle;4
4636;49;186;173;land;false;desert;6
4637;49;189;88;land;true;forest;7
4638;49;189;138;land;false;desert;6
4639;49;189;193;land;false;plains;6
4640;49;192;53;land;true;forest;1
4641;49;192;158;land;true;plains;3
4642;49;195;18;land;false;hills;6
4643;49;195;73;land;true;plains;3
4644;49;195;223;land;false;plains;6
4645;49;198;38;land;true;plains;4
4646;49;198;83;land;true;hills;6
4647;49;198;188;land;true;plains;3
4648;49;201;3;land;true;forest;4
4649;49;201;48;land;false;plains;6
4650;49;201;153;land;false;plains;2
4651;49;204;13;land;false;desert;6
4652;49;204;68;land;true;jungle;6
4653;49;204;218;land;false;hills;2
4654;49;207;33;land;false;mountain;6
4655;49;207;183;land;false;desert;6
4656;49;210;98;land;false;hills;6
4657;49;210;148;land;false;mountain;2
4658;49;210;203;land;false;hills;4
4659;50;0;18;land;false;plains;6
4660;50;0;73;land;false;mountain;7
4661;50;0;223;land;false;plains;6
4662;50;0;232;sea;true;ocean;0
4663;50;2;240;sea;false;ocean;0
4664;50;3;38;land;false;hills;2
4665;50;3;83;land;false;forest;6
4666;50;3;188;land;false;plains;2
4667;50;4;248;sea;false;ocean;0
4668;50;6;3;land;false;mountain;2
4669;50;6;48;land;true;plains;6
4670;50;6;153;land;false;plains;6
4671;50;6;236;sea;false;ocean;0
4672;50;8;244;sea;false;ocean;0
4673;50;9;13;land;true;mountain;4
4674;50;9;68;land;false;mountain;6
4675;50;9;218;land;false;mountain;6
4676;50;10;232;sea;true;ocean;0
4677;50;12;33;land;false;mountain;6
4678;50;12;183;land;false;mountain;2
4679;50;14;248;sea;true;ocean;0
4680;50;15;98;land;false;hills;6
4681;50;15;148;land;false;forest;6
4682;50;15;203;land;false;desert;6
4683;50;16;236;sea;false;ocean;0
4684;50;17;244;sea;true;ocean;0
4685;50;18;63;land;false;forest;6
4686;50;18;168;land;false;mountain;6
4687;50;18;213;land;false;forest;6
4688;50;18;232;sea;true;ocean;0
4689;50;20;240;sea;true;ocean;0
4690;50;21;28;land;false;forest;6
4691;50;21;133;land;false;plains;2
4692;50;21;178;land;false;hills;6
4693;50;21;248;sea;false;ocean;0
4694;50;23;244;sea;true;ocean;0
4695;50;24;93;land;false;marsh;2
4696;50;24;143;land;true;mountain;5
4697;50;24;198;land;false;mountain;6
4698;50;25;232;sea;false;ocean;0
4699;50;26;240;sea;false;ocean;0
4700;50;27;58;land;false;forest;6
4701;50;27;163;land;false;mountain;6
4702;50;27;248;sea;false;ocean;0
4703;50;30;23;land;false;forest;6
4704;50;30;78;land;false;mountain;6
4705;50;30;128;land;false;forest;6
4706;50;30;244;sea;false;ocean;0
4707;50;31;232;sea;false;ocean;0
4708;50;32;240;sea;true;ocean;0
4709;50;33;43;land;false;mountain;6
4710;50;33;88;land;false;forest;6
4711;50;33;193;land;false;mountain;6
4712;50;34;248;sea;false;ocean;0
4713;50;35;236;sea;false;ocean;0
4714;50;36;8;land;false;desert;6
4715;50;36;53;land;false;marsh;6
4716;50;36;158;land;false;mountain;6
4717;50;37;232;sea;false;ocean;0
4718;50;39;18;land;true;forest;4
4719;50;39;73;land;false;plains;6
4720;50;39;223;land;true;hills;2
4721;50;39;240;sea;false;ocean;0
4722;50;40;248;sea;true;ocean;0
4723;50;42;38;land;false;plains;2
4724;50;42;188;land;false;plains;6
4725;50;45;3;land;false;plains;6
4726;50;45;153;land;false;forest;6
4727;50;45;208;land;false;desert;2
4728;50;48;68;land;true;forest;6
4729;50;48;173;land;false;hills;6
4730;50;48;218;land;false;marsh;6
4731;50;51;33;land;false;forest;6
4732;50;51;138;land;false;plains;6
4733;50;51;183;land;false;forest;6
4734;50;54;98;land;false;forest;6
4735;50;54;148;land;false;forest;5
4736;50;54;203;land;false;desert;2
4737;50;57;63;land;false;forest;6
4738;50;57;168;land;true;forest;2
4739;50;60;28;land;false;plains;2
4740;50;60;83;land;false;plains;2
4741;50;60;133;land;false;hills;2
4742;50;63;48;land;false;desert;2
4743;50;63;93;land;false;forest;6
4744;50;63;198;land;true;plains;6
4745;50;66;13;land;false;plains;6
4746;50;66;58;land;false;forest;6
4747;50;66;163;land;false;hills;2
4748;50;69;23;land;true;hills;4
4749;50;69;78;land;false;plains;2
4750;50;69;128;land;false;forest;6
4751;50;72;43;land;false;mountain;6
4752;50;72;193;land;false;hills;6
4753;50;75;8;land;true;marsh;2
4754;50;75;158;land;false;plains;6
4755;50;75;213;land;false;hills;7
4756;50;78;73;land;false;forest;2
4757;50;78;178;land;false;plains;2
4758;50;78;223;land;false;mountain;6
4759;50;81;38;land;false;plains;2
4760;50;81;143;land;false;plains;2
4761;50;81;188;land;false;marsh;6
4762;50;84;3;land;false;mountain;6
4763;50;84;153;land;true;plains;4
4764;50;84;208;land;false;desert;6
4765;50;87;68;land;false;mountain;2
4766;50;87;173;land;false;mountain;6
4767;50;90;33;land;false;plains;6
4768;50;90;88;land;false;mountain;6
4769;50;90;138;land;true;forest;2
4770;50;93;53;land;false;mountain;6
4771;50;93;98;land;false;forest;6
4772;50;93;203;land;false;plains;2
4773;50;96;18;land;false;desert;6
4774;50;96;63;land;false;forest;6
4775;50;96;168;land;true;forest;2
4776;50;99;28;land;false;hills;4
4777;50;99;83;land;false;hills;6
4778;50;99;133;land;false;hills;2
4779;50;102;48;land;false;forest;6
4780;50;102;198;land;false;forest;6
4781;50;105;13;land;false;mountain;6
4782;50;105;163;land;false;forest;6
4783;50;105;218;land;false;desert;6
4784;50;108;78;land;false;forest;2
4785;50;108;128;land;false;forest;6
4786;50;108;183;land;false;desert;6
4787;50;111;43;land;false;forest;2
4788;50;111;148;land;false;desert;6
4789;50;111;193;land;false;plains;6
4790;50;114;8;land;false;plains;2
4791;50;114;158;land;true;plains;4
4792;50;114;213;land;false;plains;6
4793;50;117;73;land;false;forest;6
4794;50;117;178;land;false;plains;2
4795;50;120;38;land;false;hills;6
4796;50;120;93;land;false;mountain;2
4797;50;120;143;land;false;plains;6
4798;50;123;3;land;false;forest;6
4799;50;123;58;land;false;mountain;2
4800;50;123;208;land;false;forest;6
4801;50;126;23;land;false;plains;6
4802;50;126;68;land;false;forest;6
4803;50;126;173;land;false;forest;6
4804;50;129;33;land;true;forest;4
4805;50;129;88;land;false;plains;6
4806;50;129;138;land;false;plains;6
4807;50;132;53;land;false;plains;2
4808;50;132;203;land;false;forest;6
4809;50;135;18;land;false;mountain;6
4810;50;135;168;land;true;mountain;6
4811;50;135;223;land;false;hills;2
4812;50;138;83;land;false;forest;6
4813;50;138;133;land;false;plains;6
4814;50;138;188;land;false;plains;2
4815;50;141;48;land;false;plains;6
4816;50;141;153;land;false;desert;2
4817;50;141;198;land;false;marsh;6
4818;50;144;13;land;false;forest;6
4819;50;144;163;land;true;mountain;4
4820;50;144;218;land;false;forest;2
4821;50;147;78;land;false;forest;6
4822;50;147;128;land;false;mountain;5
4823;50;147;183;land;false;hills;6
4824;50;150;43;land;false;plains;6
4825;50;150;98;land;false;hills;7
4826;50;150;148;land;false;mountain;2
4827;50;153;8;land;false;forest;6
4828;50;153;63;land;false;mountain;6
4829;50;153;213;land;false;forest;6
4830;50;156;28;land;false;hills;2
4831;50;156;73;land;false;forest;6
4832;50;156;178;land;false;forest;6
4833;50;159;38;land;true;mountain;2
4834;50;159;93;land;false;plains;2
4835;50;159;143;land;false;mountain;6
4836;50;162;3;land;false;plains;4
4837;50;162;58;land;false;hills;6
4838;50;162;208;land;false;mountain;2
4839;50;165;23;land;false;plains;2
4840;50;165;173;land;false;forest;6
4841;50;168;88;land;true;forest;6
4842;50;168;138;land;false;forest;6
4843;50;168;193;land;false;desert;6
4844;50;171;53;land;true;forest;6
4845;50;171;158;land;false;mountain;6
4846;50;171;203;land;false;forest;6
4847;50;174;18;land;false;forest;6
4848;50;174;168;land;true;mountain;2
4849;50;174;223;land;false;hills;6
4850;50;177;83;land;false;plains;6
4851;50;177;133;land;false;hills;5
4852;50;177;188;land;false;mountain;6
4853;50;180;48;land;false;forest;6
4854;50;180;153;land;true;forest;2
4855;50;183;13;land;false;forest;6
4856;50;183;68;land;false;desert;6
4857;50;183;218;land;false;plains;2
4858;50;186;33;land;false;mountain;6
4859;50;186;78;land;false;plains;6
4860;50;186;183;land;false;hills;2
4861;50;189;43;land;true;mountain;1
4862;50;189;98;land;false;forest;6
4863;50;189;148;land;false;forest;2
4864;50;192;8;land;true;plains;4
4865;50;192;63;land;false;mountain;2
4866;50;192;213;land;false;plains;6
4867;50;195;28;land;false;hills;6
4868;50;195;178;land;false;mountain;6
4869;50;198;93;land;false;forest;2
4870;50;198;143;land;false;forest;2
4871;50;198;198;land;false;plains;2
4872;50;201;58;land;false;plains;2
4873;50;201;163;land;false;plains;6
4874;50;201;208;land;false;mountain;6
4875;50;204;23;land;false;forest;2
4876;50;204;128;land;false;mountain;6
4877;50;204;173;land;false;mountain;2
4878;50;207;88;land;false;forest;6
4879;50;207;138;land;false;hills;5
4880;50;207;193;land;false;plains;2
4881;50;210;53;land;false;hills;6
4882;50;210;158;land;false;mountain;6
4883;51;0;28;land;false;plains;6
4884;51;0;178;land;true;plains;2
4885;51;0;236;sea;true;ocean;0
4886;51;2;244;sea;false;ocean;0
4887;51;3;93;land;false;mountain;2
4888;51;3;143;land;false;mountain;6
4889;51;3;198;land;false;forest;5
4890;51;4;232;sea;false;ocean;0
4891;51;6;58;land;true;desert;7
4892;51;6;163;land;false;plains;3
4893;51;6;208;land;false;desert;7
4894;51;6;240;sea;false;ocean;0
4895;51;8;248;sea;false;ocean;0
4896;51;9;23;land;false;hills;6
4897;51;9;128;land;false;plains;5
4898;51;9;173;land;false;mountain;2
4899;51;10;236;sea;true;ocean;0
4900;51;12;88;land;false;mountain;6
4901;51;12;138;land;false;hills;7
4902;51;12;193;land;false;desert;5
4903;51;15;53;land;false;desert;5
4904;51;15;158;land;true;jungle;2
4905;51;15;232;sea;false;ocean;0
4906;51;16;240;sea;false;ocean;0
4907;51;17;248;sea;true;ocean;0
4908;51;18;18;land;true;plains;2
4909;51;18;73;land;false;desert;5
4910;51;18;223;land;false;desert;5
4911;51;18;236;sea;false;ocean;0
4912;51;20;244;sea;true;ocean;0
4913;51;21;38;land;false;desert;5
4914;51;21;83;land;false;mountain;6
4915;51;21;188;land;false;plains;6
4916;51;21;232;sea;false;ocean;0
4917;51;23;248;sea;false;ocean;0
4918;51;24;3;land;false;plains;5
4919;51;24;48;land;false;plains;2
4920;51;24;153;land;false;desert;5
4921;51;25;236;sea;false;ocean;0
4922;51;26;244;sea;false;ocean;0
4923;51;27;13;land;false;mountain;6
4924;51;27;68;land;false;desert;7
4925;51;27;218;land;false;urban;6
4926;51;27;232;sea;false;ocean;0
4927;51;30;33;land;false;plains;5
4928;51;30;183;land;false;mountain;7
4929;51;30;248;sea;false;ocean;0
4930;51;31;236;sea;false;ocean;0
4931;51;32;244;sea;true;ocean;0
4932;51;33;98;land;true;desert;7
4933;51;33;148;land;false;desert;5
4934;51;33;203;land;false;jungle;3
4935;51;34;232;sea;false;ocean;0
4936;51;35;240;sea;false;ocean;0
4937;51;36;63;land;false;mountain;6
4938;51;36;168;land;false;plains;5
4939;51;36;213;land;false;mountain;6
4940;51;37;236;sea;false;ocean;0
4941;51;39;28;land;false;forest;5
4942;51;39;133;land;false;plains;3
4943;51;39;178;land;false;hills;7
4944;51;39;244;sea;false;ocean;0
4945;51;40;232;sea;false;ocean;0
4946;51;42;93;land;false;mountain;2
4947;51;42;143;land;false;desert;6
4948;51;42;198;land;true;plains;5
4949;51;45;58;land;false;desert;7
4950;51;45;163;land;false;forest;6
4951;51;48;23;land;false;desert;7
4952;51;48;78;land;true;jungle;5
4953;51;48;128;land;false;forest;6
4954;51;51;43;land;false;mountain;5
4955;51;51;88;land;false;plains;2
4956;51;51;193;land;false;mountain;2
4957;51;54;8;land;false;forest;5
4958;51;54;53;land;false;desert;6
4959;51;54;158;land;true;mountain;7
4960;51;57;18;land;false;desert;6
4961;51;57;73;land;false;desert;5
4962;51;57;223;land;false;desert;5
4963;51;60;38;land;false;desert;5
4964;51;60;188;land;false;desert;6
4965;51;63;3;land;true;jungle;2
4966;51;63;153;land;false;desert;7
4967;51;63;208;land;true;plains;6
4968;51;66;68;land;false;desert;7
4969;51;66;173;land;true;jungle;3
4970;51;66;218;land;false;desert;5
4971;51;69;33;land;false;mountain;6
4972;51;69;138;land;false;plains;5
4973;51;69;183;land;false;mountain;6
4974;51;72;98;land;false;desert;7
4975;51;72;148;land;false;mountain;2
4976;51;72;203;land;false;desert;7
4977;51;75;63;land;true;hills;2
4978;51;75;168;land;false;plains;5
4979;51;78;28;land;false;plains;6
4980;51;78;83;land;true;jungle;3
4981;51;78;133;land;false;mountain;7
4982;51;81;48;land;true;jungle;3
4983;51;81;93;land;false;mountain;7
4984;51;81;198;land;false;desert;6
4985;51;84;13;land;true;desert;5
4986;51;84;58;land;false;mountain;6
4987;51;84;163;land;false;mountain;6
4988;51;87;23;land;false;hills;2
4989;51;87;78;land;true;forest;5
4990;51;87;128;land;false;mountain;6
4991;51;90;43;land;false;jungle;3
4992;51;90;193;land;false;desert;5
4993;51;93;8;land;true;mountain;7
4994;51;93;158;land;false;desert;6
4995;51;93;213;land;false;desert;5
4996;51;96;73;land;false;mountain;6
4997;51;96;178;land;false;plains;5
4998;51;96;223;land;false;mountain;6
4999;51;99;38;land;false;mountain;6
5000;51;99;143;land;false;forest;3
5001;51;99;188;land;false;forest;2
5002;51;102;3;land;false;hills;6
5003;51;102;153;land;false;desert;6
5004;51;102;208;land;false;desert;5
5005;51;105;68;land;true;desert;7
5006;51;105;173;land;false;mountain;7
5007;51;108;33;land;false;hills;6
5008;51;108;88;land;false;jungle;3
5009;51;108;138;land;false;mountain;6
5010;51;111;53;land;false;mountain;5
5011;51;111;98;land;false;mountain;6
5012;51;111;203;land;true;desert;5
5013;51;114;18;land;false;forest;5
5014;51;114;63;land;false;mountain;7
5015;51;114;168;land;true;plains;2
5016;51;117;28;land;false;desert;6
5017;51;117;83;land;false;hills;5
5018;51;117;133;land;false;desert;6
5019;51;120;48;land;false;forest;6
5020;51;120;198;land;false;desert;7
5021;51;123;13;land;true;jungle;2
5022;51;123;163;land;false;plains;2
5023;51;123;218;land;true;hills;6
5024;51;126;78;land;false;desert;7
5025;51;126;128;land;false;hills;6
5026;51;126;183;land;false;plains;3
5027;51;129;43;land;false;desert;7
5028;51;129;148;land;false;plains;5
5029;51;129;193;land;false;desert;7
5030;51;132;8;land;false;forest;6
5031;51;132;158;land;false;desert;6
5032;51;132;213;land;false;plains;6
5033;51;135;73;land;false;desert;6
5034;51;135;178;land;true;desert;5
5035;51;138;38;land;false;desert;5
5036;51;138;93;land;true;jungle;5
5037;51;138;143;land;false;mountain;7
5038;51;141;3;land;false;mountain;2
5039;51;141;58;land;false;forest;5
5040;51;141;208;land;false;plains;6
5041;51;144;23;land;false;desert;5
5042;51;144;68;land;false;mountain;6
5043;51;144;173;land;false;mountain;7
5044;51;147;33;land;false;desert;2
5045;51;147;88;land;false;forest;5
5046;51;147;138;land;true;desert;5
5047;51;150;53;land;true;mountain;5
5048;51;150;203;land;false;plains;6
5049;51;153;18;land;false;desert;7
5050;51;153;168;land;false;mountain;7
5051;51;153;223;land;false;mountain;3
5052;51;156;83;land;false;mountain;2
5053;51;156;133;land;false;desert;5
5054;51;156;188;land;false;jungle;5
5055;51;159;48;land;false;plains;6
5056;51;159;153;land;false;plains;3
5057;51;159;198;land;false;mountain;6
5058;51;162;13;land;false;desert;7
5059;51;162;163;land;false;hills;2
5060;51;162;218;land;false;plains;5
5061;51;165;78;land;false;plains;2
5062;51;165;128;land;false;mountain;6
5063;51;165;183;land;false;plains;6
5064;51;168;43;land;false;mountain;6
5065;51;168;98;land;true;desert;5
5066;51;168;148;land;true;hills;2
5067;51;171;8;land;false;mountain;7
5068;51;171;63;land;false;plains;5
5069;51;171;213;land;true;mountain;5
5070;51;174;28;land;false;forest;5
5071;51;174;73;land;false;mountain;2
5072;51;174;178;land;false;mountain;6
5073;51;177;38;land;false;desert;7
5074;51;177;93;land;true;mountain;7
5075;51;177;143;land;false;mountain;7
5076;51;180;3;land;false;mountain;6
5077;51;180;58;land;false;desert;5
5078;51;180;208;land;false;desert;5
5079;51;183;23;land;false;desert;5
5080;51;183;173;land;false;desert;6
5081;51;186;88;land;false;desert;7
5082;51;186;138;land;false;mountain;6
5083;51;186;193;land;false;jungle;3
5084;51;189;158;land;false;forest;5
5085;51;189;203;land;false;plains;2
5086;51;192;18;land;false;plains;6
5087;51;192;168;land;false;mountain;6
5088;51;192;223;land;true;forest;3
5089;51;195;83;land;true;mountain;7
5090;51;195;133;land;false;mountain;2
5091;51;195;188;land;true;mountain;5
5092;51;198;48;land;false;hills;6
5093;51;198;153;land;false;mountain;7
5094;51;201;13;land;false;desert;6
5095;51;201;68;land;false;desert;5
5096;51;201;218;land;false;forest;6
5097;51;204;33;land;false;mountain;5
5098;51;204;78;land;false;mountain;7
5099;51;204;183;land;false;desert;7
5100;51;207;43;land;false;mountain;6
5101;51;207;98;land;false;plains;5
5102;51;207;148;land;false;mountain;6
5103;51;210;8;land;false;plains;2
5104;51;210;63;land;false;plains;6
5105;51;210;213;land;false;mountain;6
5106;52;0;83;land;false;mountain;5
5107;52;0;133;land;true;plains;3
5108;52;0;240;sea;true;ocean;0
5109;52;2;248;sea;false;ocean;0
5110;52;3;48;land;false;forest;3
5111;52;4;236;sea;false;ocean;0
5112;52;6;13;land;true;mountain;3
5113;52;6;244;sea;false;ocean;0
5114;52;8;232;sea;false;ocean;0
5115;52;9;78;land;false;plains;3
5116;52;10;240;sea;true;ocean;0
5117;52;12;43;land;false;forest;5
5118;52;12;148;land;true;mountain;3
5119;52;12;248;land;false;forest;2
5120;52;15;8;land;true;mountain;3
5121;52;15;213;land;true;forest;3
5122;52;15;236;sea;true;ocean;0
5123;52;16;244;sea;false;ocean;0
5124;52;17;232;sea;false;ocean;0
5125;52;18;178;land;true;hills;4
5126;52;18;240;sea;true;ocean;0
5127;52;20;248;sea;true;ocean;0
5128;52;21;143;land;true;jungle;5
5129;52;21;236;sea;false;ocean;0
5130;52;23;232;sea;false;ocean;0
5131;52;24;208;land;true;mountain;3
5132;52;25;240;sea;false;ocean;0
5133;52;26;248;sea;false;ocean;0
5134;52;27;23;land;false;plains;4
5135;52;27;173;land;false;mountain;4
5136;52;27;231;land;false;desert;5
5137;52;27;236;sea;false;ocean;0
5138;52;30;88;land;false;desert;4
5139;52;30;138;land;true;jungle;5
5140;52;30;232;sea;false;ocean;0
5141;52;31;240;sea;false;ocean;0
5142;52;32;248;sea;false;ocean;0
5143;52;33;53;land;false;forest;3
5144;52;34;236;sea;false;ocean;0
5145;52;35;244;sea;false;ocean;0
5146;52;36;18;land;false;mountain;3
5147;52;37;240;sea;false;ocean;0
5148;52;39;83;land;false;forest;3
5149;52;39;248;sea;false;ocean;0
5150;52;40;236;sea;true;ocean;0
5151;52;42;48;land;false;forest;3
5152;52;42;153;land;false;mountain;3
5153;52;45;13;land;false;hills;3
5154;52;45;218;land;true;mountain;5
5155;52;48;183;land;false;plains;5
5156;52;51;148;land;false;hills;3
5157;52;52;52;land;false;hills;6
5158;52;54;213;land;true;mountain;5
5159;52;57;28;land;true;plains;3
5160;52;57;178;land;false;mountain;5
5161;52;60;93;land;false;plains;4
5162;52;60;143;land;false;mountain;3
5163;52;63;58;land;false;plains;3
5164;52;66;23;land;true;forest;5
5165;52;69;88;land;false;forest;3
5166;52;72;53;land;false;mountain;3
5167;52;72;158;land;true;mountain;3
5168;52;75;18;land;true;plains;3
5169;52;75;223;land;true;mountain;3
5170;52;78;188;land;false;desert;4
5171;52;81;153;land;true;mountain;3
5172;52;84;218;land;true;forest;3
5173;52;87;33;land;true;desert;3
5174;52;87;183;land;false;plains;3
5175;52;90;98;land;false;plains;4
5176;52;90;148;land;false;jungle;6
5177;52;93;63;land;false;plains;5
5178;52;96;28;land;false;hills;3
5179;52;99;93;land;false;mountain;3
5180;52;102;58;land;false;forest;5
5181;52;102;163;land;true;mountain;4
5182;52;105;23;land;false;hills;3
5183;52;105;128;land;true;plains;4
5184;52;108;193;land;false;hills;3
5185;52;111;158;land;true;desert;5
5186;52;114;223;land;false;forest;3
5187;52;117;38;land;true;mountain;4
5188;52;117;188;land;false;jungle;3
5189;52;120;3;land;false;desert;5
5190;52;120;153;land;true;mountain;3
5191;52;123;68;land;true;hills;3
5192;52;126;33;land;false;mountain;3
5193;52;129;98;land;false;mountain;6
5194;52;132;63;land;false;mountain;3
5195;52;132;168;land;true;hills;4
5196;52;135;28;land;false;hills;5
5197;52;135;133;land;true;desert;4
5198;52;138;198;land;false;plains;4
5199;52;141;163;land;false;forest;5
5200;52;144;128;land;false;forest;3
5201;52;147;43;land;true;mountain;3
5202;52;147;193;land;true;mountain;3
5203;52;150;8;land;false;desert;5
5204;52;150;158;land;false;plains;3
5205;52;153;73;land;true;forest;2
5206;52;156;38;land;false;plains;4
5207;52;159;3;land;true;forest;4
5208;52;162;68;land;false;forest;3
5209;52;162;173;land;true;mountain;3
5210;52;165;33;land;true;mountain;5
5211;52;165;138;land;false;plains;4
5212;52;168;203;land;true;forest;5
5213;52;171;168;land;false;forest;3
5214;52;174;133;land;false;jungle;3
5215;52;177;48;land;true;plains;3
5216;52;177;198;land;false;jungle;3
5217;52;180;13;land;false;plains;5
5218;52;180;163;land;false;plains;3
5219;52;183;78;land;false;desert;3
5220;52;183;128;land;true;jungle;3
5221;52;186;43;land;false;forest;5
5222;52;189;8;land;true;jungle;5
5223;52;192;73;land;false;mountain;3
5224;52;195;38;land;false;hills;5
5225;52;195;143;land;true;mountain;4
5226;52;198;3;land;false;mountain;6
5227;52;198;208;land;false;plains;4
5228;52;201;173;land;true;desert;3
5229;52;204;138;land;false;mountain;3
5230;52;207;203;land;false;mountain;3
5231;52;210;18;land;false;plains;5
5232;52;210;168;land;false;jungle;3
5233;53;0;244;sea;true;ocean;0
5234;53;2;232;sea;false;ocean;0
5235;53;4;240;sea;false;ocean;0
5236;23;43;239;lake;false;lakes;0
5237;53;8;236;sea;false;ocean;0
5238;53;10;244;sea;true;ocean;0
5239;53;12;232;land;true;marsh;2
5240;53;15;240;sea;true;ocean;0
5241;53;16;248;sea;false;ocean;0
5242;53;17;236;sea;false;ocean;0
5243;53;18;244;sea;false;ocean;0
5244;53;20;232;sea;true;ocean;0
5245;53;21;240;sea;false;ocean;0
5246;53;23;236;sea;true;ocean;0
5247;53;25;244;sea;true;ocean;0
5248;53;26;232;sea;false;ocean;0
5249;53;27;240;sea;false;ocean;0
5250;53;30;236;sea;false;ocean;0
5251;53;31;244;sea;false;ocean;0
5252;53;32;232;sea;true;ocean;0
5253;53;34;240;sea;false;ocean;0
5254;53;35;248;sea;false;ocean;0
5255;53;37;244;sea;false;ocean;0
5256;53;39;232;sea;false;ocean;0
5257;53;40;240;sea;true;ocean;2
5258;54;0;248;sea;true;ocean;0
5259;54;2;236;sea;false;ocean;0
5260;54;4;244;sea;false;ocean;0
5261;54;6;232;sea;false;ocean;0
5262;54;8;240;sea;false;ocean;0
5263;54;10;248;sea;true;ocean;0
5264;54;12;236;land;false;plains;6
5265;54;15;244;sea;false;ocean;0
5266;54;16;232;sea;false;ocean;0
5267;54;17;240;sea;true;ocean;0
5268;54;18;248;sea;true;ocean;0
5269;54;20;236;sea;true;ocean;0
5270;54;21;244;sea;false;ocean;0
5271;54;23;240;sea;false;ocean;0
5272;54;25;248;sea;true;ocean;0
5273;54;26;236;sea;false;ocean;0
5274;54;27;244;sea;false;ocean;0
5275;54;30;240;sea;false;ocean;0
5276;54;31;248;sea;false;ocean;0
5277;54;32;236;sea;true;ocean;0
5278;54;34;244;sea;false;ocean;0
5279;54;35;232;sea;false;ocean;0
5280;54;37;248;sea;false;ocean;0
5281;54;39;236;sea;false;ocean;0
5282;54;40;244;sea;true;ocean;0
5283;54;144;89;land;false;hills;1
5284;55;0;232;sea;true;ocean;0
5285;55;1;218;sea;false;ocean;0
5286;55;2;240;sea;false;ocean;0
5287;55;4;248;sea;false;ocean;0
5288;55;6;236;sea;false;ocean;0
5289;55;8;244;sea;false;ocean;0
5290;55;10;232;sea;true;ocean;0
5291;55;12;240;land;false;hills;1
5292;55;15;248;sea;false;ocean;0
5293;55;16;236;sea;false;ocean;0
5294;55;17;244;sea;true;ocean;0
5295;55;18;232;sea;true;ocean;0
5296;55;20;240;sea;false;ocean;0
5297;55;21;248;sea;false;ocean;0
5298;55;23;244;sea;true;ocean;0
5299;55;25;232;sea;true;ocean;0
5300;55;26;240;sea;false;ocean;0
5301;55;27;248;sea;false;ocean;0
5302;55;30;244;sea;false;ocean;0
5303;55;31;232;sea;false;ocean;0
5304;55;32;240;sea;true;ocean;0
5305;55;34;248;sea;false;ocean;0
5306;55;35;236;sea;false;ocean;0
5307;55;37;232;sea;false;ocean;0
5308;55;39;240;sea;false;ocean;0
5309;55;40;248;sea;false;ocean;0
5310;55;144;90;land;false;mountain;6
5311;56;0;236;sea;true;ocean;0
5312;56;2;244;sea;false;ocean;0
5313;56;4;232;sea;false;ocean;0
5314;56;6;240;sea;false;ocean;0
5315;56;8;248;sea;false;ocean;0
5316;56;10;236;sea;true;ocean;0
5317;56;12;244;land;false;mountain;3
5318;56;15;232;sea;true;ocean;0
5319;56;16;240;sea;false;ocean;0
5320;56;17;248;sea;true;ocean;0
5321;56;18;236;sea;true;ocean;0
5322;56;20;244;sea;true;ocean;0
5323;56;21;232;sea;false;ocean;0
5324;56;23;248;sea;false;ocean;0
5325;56;25;236;sea;false;ocean;0
5326;56;26;244;sea;false;ocean;0
5327;56;27;232;sea;false;ocean;0
5328;56;30;248;sea;false;ocean;0
5329;56;31;236;sea;false;ocean;0
5330;56;32;244;sea;true;ocean;0
5331;56;34;232;sea;false;ocean;0
5332;56;35;240;sea;false;ocean;0
5333;56;37;236;sea;false;ocean;0
5334;56;39;244;sea;false;ocean;0
5335;56;40;232;sea;true;ocean;0
5336;57;0;240;sea;true;ocean;0
5337;57;2;248;sea;true;ocean;0
5338;57;4;236;sea;false;ocean;0
5339;57;6;244;sea;true;ocean;0
5340;57;10;240;sea;true;ocean;0
5341;57;15;236;sea;true;ocean;0
5342;57;16;244;sea;false;ocean;0
5343;57;17;232;sea;true;ocean;0
5344;57;18;240;sea;true;ocean;0
5345;57;20;248;sea;true;ocean;0
5346;57;21;236;sea;false;ocean;0
5347;57;23;232;sea;true;ocean;0
5348;57;25;240;sea;true;ocean;0
5349;57;26;248;sea;false;ocean;0
5350;57;27;236;sea;false;ocean;0
5351;57;30;232;sea;false;ocean;0
5352;57;31;240;sea;false;ocean;0
5353;57;32;248;sea;true;ocean;0
5354;57;34;236;sea;false;ocean;0
5355;57;35;244;sea;false;ocean;0
5356;57;36;232;sea;false;ocean;0
5357;57;37;240;sea;false;ocean;0
5358;57;39;248;sea;false;ocean;0
5359;57;40;236;sea;false;ocean;0
5360;58;0;244;sea;false;ocean;0
5361;58;2;232;sea;true;ocean;0
5362;58;4;240;sea;false;ocean;0
5363;58;6;248;sea;false;ocean;0
5364;58;10;244;sea;true;ocean;0
5365;58;15;240;sea;true;ocean;0
5366;58;17;236;sea;true;ocean;0
5367;58;20;232;sea;true;ocean;0
5368;58;21;240;sea;false;ocean;0
5369;58;23;236;sea;true;ocean;0
5370;58;25;244;sea;true;ocean;0
5371;58;26;232;sea;false;ocean;0
5372;58;27;240;sea;false;ocean;0
5373;58;30;236;sea;false;ocean;0
5374;58;31;244;sea;false;ocean;0
5375;58;32;232;sea;true;ocean;0
5376;58;34;240;sea;false;ocean;0
5377;58;35;248;sea;false;ocean;0
5378;58;36;236;sea;false;ocean;0
5379;58;37;244;sea;false;ocean;0
5380;58;39;232;sea;false;ocean;0
5381;58;40;240;sea;true;ocean;0
5382;59;0;248;sea;true;ocean;0
5383;59;2;236;sea;true;ocean;0
5384;59;4;244;sea;false;ocean;0
5385;59;6;232;sea;false;ocean;0
5386;59;8;240;sea;true;ocean;0
5387;59;10;248;sea;false;ocean;0
5388;59;12;236;sea;true;ocean;0
5389;59;15;244;sea;false;ocean;0
5390;59;17;240;sea;true;ocean;0
5391;59;18;248;sea;true;ocean;0
5392;59;20;236;sea;false;ocean;0
5393;59;21;244;sea;false;ocean;0
5394;59;23;240;sea;true;ocean;0
5395;59;25;248;sea;true;ocean;0
5396;59;26;236;sea;false;ocean;0
5397;59;27;244;sea;false;ocean;0
5398;59;30;240;sea;false;ocean;0
5399;59;31;248;sea;false;ocean;0
5400;59;32;236;sea;false;ocean;0
5401;59;34;244;sea;false;ocean;0
5402;59;35;232;sea;false;ocean;0
5403;15;190;172;lake;false;lakes;0
5404;59;37;248;sea;false;ocean;0
5405;59;39;236;sea;false;ocean;0
5406;59;40;244;sea;false;ocean;0
5407;60;0;232;sea;true;ocean;0
5408;60;2;240;sea;true;ocean;0
5409;60;4;248;sea;true;ocean;0
5410;60;6;236;sea;false;ocean;0
5411;60;10;232;sea;false;ocean;0
5412;60;12;240;sea;true;ocean;0
5413;60;15;248;sea;false;ocean;0
5414;60;17;244;sea;true;ocean;0
5415;60;18;232;sea;true;ocean;0
5416;60;20;240;sea;false;ocean;0
5417;60;21;248;sea;false;ocean;0
5418;60;23;244;sea;false;ocean;0
5419;60;25;232;sea;false;ocean;0
5420;60;26;240;sea;false;ocean;0
5421;60;27;248;sea;false;ocean;0
5422;60;30;244;sea;false;ocean;0
5423;60;31;232;sea;false;ocean;0
5424;60;32;240;sea;true;ocean;0
5425;60;34;248;sea;false;ocean;0
5426;60;35;236;sea;false;ocean;0
5427;215;195;115;lake;false;lakes;6
5428;60;37;232;sea;false;ocean;0
5429;60;39;240;sea;false;ocean;0
5430;60;40;248;sea;true;ocean;0
5431;61;0;236;sea;true;ocean;0
5432;61;2;244;sea;false;ocean;0
5433;61;4;232;sea;false;ocean;0
5434;61;6;240;sea;false;ocean;0
5435;61;10;236;sea;false;ocean;0
5436;61;12;244;sea;true;ocean;0
5437;61;15;232;sea;false;ocean;0
5438;61;17;248;sea;true;ocean;0
5439;61;18;236;sea;false;ocean;0
5440;61;20;244;sea;false;ocean;0
5441;61;21;232;sea;false;ocean;0
5442;61;23;248;sea;false;ocean;0
5443;61;25;236;sea;true;ocean;0
5444;61;26;244;sea;false;ocean;0
5445;61;27;232;sea;false;ocean;0
5446;61;30;248;sea;false;ocean;0
5447;61;31;236;sea;false;ocean;0
5448;61;32;244;sea;false;ocean;0
5449;61;34;232;sea;false;ocean;0
5450;61;35;240;sea;false;ocean;0
5451;61;37;236;sea;false;ocean;0
5452;61;39;244;sea;true;ocean;0
5453;61;40;232;sea;false;ocean;0
5454;62;0;240;sea;true;ocean;0
5455;62;2;248;sea;false;ocean;0
5456;62;4;236;sea;false;ocean;0
5457;62;6;244;sea;false;ocean;0
5458;62;8;232;sea;false;ocean;0
5459;62;10;240;sea;true;ocean;0
5460;62;15;236;sea;false;ocean;0
5461;62;16;244;sea;false;ocean;0
5462;62;17;232;sea;true;ocean;0
5463;62;20;248;sea;true;ocean;0
5464;62;21;236;sea;false;ocean;0
5465;62;22;244;sea;false;ocean;0
5466;62;24;232;sea;false;ocean;0
5467;62;25;240;sea;false;ocean;0
5468;62;26;248;sea;false;ocean;0
5469;62;27;236;sea;false;ocean;0
5470;62;29;244;sea;false;ocean;0
5471;62;30;232;sea;false;ocean;0
5472;62;31;240;sea;false;ocean;0
5473;62;32;248;sea;true;ocean;0
5474;62;34;236;sea;false;ocean;0
5475;62;35;244;sea;false;ocean;0
5476;62;37;240;sea;false;ocean;0
5477;62;39;248;sea;false;ocean;0
5478;62;40;236;sea;false;ocean;0
5479;63;0;244;sea;true;ocean;0
5480;63;2;232;sea;false;ocean;0
5481;63;4;240;sea;false;ocean;0
5482;63;6;248;sea;false;ocean;0
5483;63;8;236;sea;true;ocean;0
5484;63;10;244;sea;true;ocean;0
5485;63;15;240;sea;false;ocean;0
5486;63;16;248;sea;false;ocean;0
5487;63;17;236;sea;false;ocean;0
5488;63;18;244;sea;true;ocean;0
5489;63;20;232;sea;false;ocean;0
5490;63;21;240;sea;false;ocean;0
5491;63;22;248;sea;true;ocean;0
5492;63;24;236;sea;false;ocean;0
5493;63;25;244;sea;true;ocean;0
5494;63;26;232;sea;false;ocean;0
5495;63;27;240;sea;false;ocean;0
5496;63;29;248;sea;false;ocean;0
5497;63;30;236;sea;false;ocean;0
5498;63;31;244;sea;true;ocean;0
5499;63;32;232;sea;false;ocean;0
5500;63;34;240;sea;false;ocean;0
5501;63;35;248;sea;false;ocean;0
5502;63;37;244;sea;false;ocean;0
5503;63;39;232;sea;false;ocean;0
5504;63;40;240;sea;true;ocean;0
5505;64;0;248;sea;true;ocean;0
5506;64;2;236;sea;false;ocean;0
5507;64;4;244;sea;true;ocean;0
5508;64;6;232;sea;false;ocean;0
5509;64;8;240;sea;false;ocean;0
5510;64;10;248;sea;true;ocean;0
5511;64;15;244;sea;true;ocean;0
5512;64;16;232;sea;false;ocean;0
5513;64;17;240;sea;true;ocean;0
5514;64;18;248;sea;true;ocean;0
5515;64;20;236;sea;true;ocean;0
5516;64;21;244;sea;false;ocean;0
5517;64;22;232;sea;false;ocean;0
5518;64;24;240;sea;true;ocean;0
5519;64;25;248;sea;false;ocean;0
5520;64;26;236;sea;false;ocean;0
5521;64;27;244;sea;false;ocean;0
5522;64;29;232;sea;false;ocean;0
5523;64;30;240;sea;false;ocean;0
5524;64;31;248;sea;true;ocean;0
5525;64;32;236;sea;false;ocean;0
5526;64;34;244;sea;true;ocean;0
5527;64;35;232;sea;false;ocean;0
5528;64;37;248;sea;false;ocean;0
5529;64;39;236;sea;false;ocean;0
5530;64;40;244;sea;false;ocean;0
5531;65;0;232;sea;true;ocean;0
5532;65;2;240;sea;false;ocean;0
5533;65;4;248;sea;true;ocean;0
5534;65;6;236;sea;false;ocean;0
5535;65;8;244;sea;false;ocean;0
5536;65;10;232;sea;true;ocean;0
5537;65;15;248;sea;false;ocean;0
5538;65;17;244;sea;true;ocean;0
5539;65;20;240;sea;true;ocean;0
5540;65;21;248;sea;false;ocean;0
5541;65;22;236;sea;false;ocean;0
5542;65;24;244;sea;true;ocean;0
5543;65;25;232;sea;false;ocean;0
5544;65;26;240;sea;false;ocean;0
5545;65;27;248;sea;false;ocean;0
5546;65;29;236;sea;false;ocean;0
5547;65;30;244;sea;false;ocean;0
5548;65;31;232;sea;false;ocean;0
5549;65;32;240;sea;false;ocean;0
5550;65;34;248;sea;false;ocean;0
5551;65;35;236;sea;false;ocean;0
5552;65;38;232;sea;false;ocean;0
5553;65;39;240;sea;false;ocean;0
5554;65;40;248;sea;true;ocean;0
5555;66;0;236;sea;true;ocean;0
5556;66;2;244;sea;false;ocean;0
5557;66;4;232;sea;true;ocean;0
5558;66;6;240;sea;false;ocean;0
5559;66;8;248;sea;false;ocean;0
5560;66;10;236;sea;true;ocean;0
5561;66;15;232;sea;false;ocean;0
5562;66;16;240;sea;false;ocean;0
5563;66;17;248;sea;true;ocean;0
5564;66;20;244;sea;true;ocean;0
5565;66;21;232;sea;false;ocean;0
5566;66;22;240;sea;false;ocean;0
5567;66;24;248;sea;true;ocean;0
5568;66;25;236;sea;false;ocean;0
5569;66;26;244;sea;false;ocean;0
5570;66;27;232;sea;false;ocean;0
5571;66;30;248;sea;false;ocean;0
5572;66;31;236;sea;false;ocean;0
5573;66;32;244;sea;false;ocean;0
5574;66;34;232;sea;false;ocean;0
5575;66;35;240;sea;false;ocean;0
5576;66;38;236;sea;false;ocean;0
5577;66;39;244;sea;false;ocean;0
5578;66;40;232;sea;true;ocean;0
5579;67;0;240;sea;true;ocean;0
5580;67;2;248;sea;false;ocean;0
5581;67;4;236;sea;true;ocean;0
5582;67;6;244;sea;false;ocean;0
5583;67;8;232;sea;false;ocean;0
5584;67;10;240;sea;true;ocean;0
5585;67;15;236;sea;true;ocean;0
5586;67;16;244;sea;false;ocean;0
5587;67;17;232;sea;true;ocean;0
5588;67;18;240;sea;true;ocean;0
5589;67;20;248;sea;true;ocean;0
5590;67;21;236;sea;false;ocean;0
5591;67;22;244;sea;false;ocean;0
5592;67;24;232;sea;false;ocean;0
5593;67;25;240;sea;false;ocean;0
5594;67;26;248;sea;false;ocean;0
5595;67;27;236;sea;false;ocean;0
5596;67;29;244;sea;false;ocean;0
5597;67;30;232;sea;false;ocean;0
5598;67;31;240;sea;false;ocean;0
5599;67;32;248;sea;false;ocean;0
5600;67;34;236;sea;false;ocean;0
5601;67;35;244;sea;false;ocean;0
5602;67;38;240;sea;false;ocean;0
5603;67;39;248;sea;false;ocean;0
5604;67;40;236;sea;true;ocean;0
5605;68;0;244;sea;true;ocean;0
5606;68;2;232;sea;false;ocean;0
5607;68;4;240;sea;true;ocean;0
5608;68;6;248;sea;false;ocean;0
5609;68;8;236;sea;true;ocean;0
5610;68;10;244;sea;false;ocean;0
5611;68;15;240;sea;true;ocean;0
5612;68;16;248;sea;false;ocean;0
5613;68;17;236;sea;true;ocean;0
5614;68;18;244;sea;true;ocean;0
5615;68;20;232;sea;true;ocean;0
5616;68;21;240;sea;false;ocean;0
5617;68;22;248;sea;false;ocean;0
5618;68;24;236;sea;false;ocean;0
5619;68;25;244;sea;false;ocean;0
5620;68;26;232;sea;false;ocean;0
5621;68;27;240;sea;false;ocean;0
5622;68;29;248;sea;false;ocean;0
5623;68;30;236;sea;false;ocean;0
5624;68;31;244;sea;false;ocean;0
5625;68;32;232;sea;false;ocean;0
5626;68;34;240;sea;false;ocean;0
5627;68;35;248;sea;false;ocean;0
5628;68;38;244;sea;false;ocean;0
5629;68;39;232;sea;false;ocean;0
5630;68;40;240;sea;true;ocean;0
5631;69;0;248;sea;true;ocean;0
5632;69;2;236;sea;false;ocean;0
5633;69;4;244;sea;true;ocean;0
5634;69;6;232;sea;true;ocean;0
5635;69;8;240;sea;true;ocean;0
5636;69;10;248;sea;false;ocean;0
5637;69;15;244;sea;true;ocean;0
5638;69;16;232;sea;false;ocean;0
5639;69;17;240;sea;true;ocean;0
5640;69;18;248;sea;true;ocean;0
5641;69;20;236;sea;true;ocean;0
5642;69;21;244;sea;false;ocean;0
5643;69;22;232;sea;false;ocean;0
5644;69;24;240;sea;false;ocean;0
5645;69;25;248;sea;false;ocean;0
5646;69;26;236;sea;false;ocean;0
5647;69;27;244;sea;false;ocean;0
5648;69;30;240;sea;false;ocean;0
5649;69;31;248;sea;false;ocean;0
5650;69;32;236;sea;false;ocean;0
5651;69;34;244;sea;false;ocean;0
5652;69;35;232;sea;false;ocean;0
5653;69;38;248;sea;false;ocean;0
5654;69;39;236;sea;false;ocean;0
5655;69;40;244;sea;true;ocean;0
5656;70;0;232;sea;true;ocean;0
5657;70;2;240;sea;false;ocean;0
5658;70;4;248;sea;true;ocean;0
5659;70;6;236;sea;false;ocean;0
5660;70;8;244;sea;true;ocean;0
5661;70;10;232;sea;false;ocean;0
5662;70;15;248;sea;false;ocean;0
5663;70;16;236;sea;false;ocean;0
5664;70;17;244;sea;true;ocean;0
5665;70;19;232;sea;false;ocean;0
5666;70;20;240;sea;true;ocean;0
5667;70;21;248;sea;false;ocean;0
5668;70;22;236;sea;false;ocean;0
5669;70;24;244;sea;false;ocean;0
5670;70;25;232;sea;false;ocean;0
5671;70;26;240;sea;false;ocean;0
5672;70;27;248;sea;false;ocean;0
5673;70;30;244;sea;false;ocean;0
5674;70;31;232;sea;true;ocean;0
5675;70;32;240;sea;false;ocean;0
5676;70;34;248;sea;false;ocean;0
5677;70;35;236;sea;false;ocean;0
5678;70;38;232;sea;false;ocean;0
5679;70;39;240;sea;false;ocean;0
5680;70;40;248;sea;true;ocean;0
5681;71;0;236;sea;true;ocean;0
5682;71;2;244;sea;false;ocean;0
5683;71;4;232;sea;false;ocean;0
5684;71;6;240;sea;false;ocean;0
5685;71;8;248;sea;false;ocean;0
5686;71;10;236;sea;false;ocean;0
5687;71;12;244;sea;true;ocean;0
5688;71;15;232;sea;false;ocean;0
5689;71;16;240;sea;false;ocean;0
5690;71;17;248;sea;false;ocean;0
5691;71;19;236;sea;false;ocean;0
5692;71;20;244;sea;true;ocean;0
5693;71;21;232;sea;false;ocean;0
5694;71;22;240;sea;true;ocean;0
5695;71;24;248;sea;false;ocean;0
5696;71;25;236;sea;false;ocean;0
5697;71;26;244;sea;false;ocean;0
5698;71;27;232;sea;false;ocean;0
5699;71;30;248;sea;false;ocean;0
5700;71;31;236;sea;true;ocean;0
5701;71;32;244;sea;false;ocean;0
5702;71;34;232;sea;false;ocean;0
5703;71;35;240;sea;false;ocean;0
5704;71;38;236;sea;false;ocean;0
5705;71;39;244;sea;false;ocean;0
5706;71;40;232;sea;true;ocean;0
5707;72;0;240;sea;true;ocean;0
5708;72;2;248;sea;false;ocean;0
5709;72;4;236;sea;true;ocean;0
5710;72;6;244;sea;false;ocean;0
5711;72;8;232;sea;true;ocean;0
5712;72;10;240;sea;false;ocean;0
5713;72;12;248;sea;true;ocean;0
5714;72;15;236;sea;false;ocean;0
5715;72;16;244;sea;false;ocean;0
5716;72;17;232;sea;true;ocean;0
5717;72;19;240;sea;false;ocean;0
5718;72;20;248;sea;true;ocean;0
5719;72;21;236;sea;false;ocean;0
5720;72;22;244;sea;true;ocean;0
5721;72;24;232;sea;false;ocean;0
5722;72;25;240;sea;false;ocean;0
5723;72;26;248;sea;false;ocean;0
5724;72;27;236;sea;false;ocean;0
5725;72;30;232;sea;false;ocean;0
5726;72;31;240;sea;false;ocean;0
5727;72;32;248;sea;false;ocean;0
5728;72;34;236;sea;false;ocean;0
5729;72;35;244;sea;false;ocean;0
5730;72;38;240;sea;false;ocean;0
5731;72;39;248;sea;false;ocean;0
5732;72;40;236;sea;false;ocean;0
5733;73;0;244;sea;true;ocean;0
5734;73;2;232;sea;false;ocean;0
5735;73;4;240;sea;true;ocean;0
5736;23;237;101;land;false;desert;6
5737;73;6;248;sea;false;ocean;0
5738;73;8;236;sea;false;ocean;0
5739;73;10;244;sea;false;ocean;0
5740;73;12;232;sea;true;ocean;0
5741;73;15;240;sea;true;ocean;0
5742;73;16;248;sea;false;ocean;0
5743;73;17;236;sea;false;ocean;0
5744;73;19;244;sea;false;ocean;0
5745;73;20;232;sea;true;ocean;0
5746;73;22;248;sea;false;ocean;0
5747;73;24;236;sea;false;ocean;0
5748;73;25;244;sea;false;ocean;0
5749;73;26;232;sea;false;ocean;0
5750;73;27;240;sea;false;ocean;0
5751;73;30;236;sea;false;ocean;0
5752;73;31;244;sea;false;ocean;0
5753;73;33;232;sea;false;ocean;0
5754;73;34;240;sea;false;ocean;0
5755;73;35;248;sea;false;ocean;0
5756;73;38;244;sea;false;ocean;0
5757;73;39;232;sea;false;ocean;0
5758;73;40;240;sea;false;ocean;0
5759;74;0;248;sea;false;ocean;0
5760;74;2;236;sea;false;ocean;0
5761;74;4;244;sea;true;ocean;0
5762;74;6;232;sea;false;ocean;0
5763;74;8;240;sea;false;ocean;0
5764;74;10;248;sea;false;ocean;0
5765;74;12;236;sea;true;ocean;0
5766;74;15;244;sea;true;ocean;0
5767;74;16;232;sea;false;ocean;0
5768;74;17;240;sea;false;ocean;0
5769;74;19;248;sea;false;ocean;0
5770;74;20;236;sea;false;ocean;0
5771;74;22;232;sea;true;ocean;0
5772;74;24;240;sea;false;ocean;0
5773;74;25;248;sea;false;ocean;0
5774;74;26;236;sea;false;ocean;0
5775;74;27;244;sea;false;ocean;0
5776;74;29;232;sea;false;ocean;0
5777;74;30;240;sea;false;ocean;0
5778;74;31;248;sea;false;ocean;0
5779;74;33;236;sea;false;ocean;0
5780;74;34;244;sea;false;ocean;0
5781;74;35;232;sea;false;ocean;0
5782;74;36;240;sea;false;ocean;0
5783;74;38;248;sea;false;ocean;0
5784;74;39;236;sea;false;ocean;0
5785;74;40;244;sea;true;ocean;0
5786;75;0;232;sea;true;ocean;0
5787;75;2;240;sea;false;ocean;0
5788;75;4;248;sea;true;ocean;0
5789;75;6;236;sea;false;ocean;0
5790;75;8;244;sea;true;ocean;0
5791;75;10;232;sea;false;ocean;0
5792;75;12;240;sea;true;ocean;0
5793;75;15;248;sea;true;ocean;0
5794;75;16;236;sea;false;ocean;0
5795;75;17;244;sea;false;ocean;0
5796;75;19;232;sea;false;ocean;0
5797;75;20;240;sea;false;ocean;0
5798;75;22;236;sea;false;ocean;0
5799;75;24;244;sea;false;ocean;0
5800;75;26;240;sea;false;ocean;0
5801;75;27;248;sea;false;ocean;0
5802;75;29;236;sea;true;ocean;0
5803;75;30;244;sea;false;ocean;0
5804;75;31;232;sea;false;ocean;0
5805;75;33;240;sea;false;ocean;0
5806;75;34;248;sea;false;ocean;0
5807;75;35;236;sea;false;ocean;0
5808;75;36;244;sea;false;ocean;0
5809;75;38;232;sea;false;ocean;0
5810;75;39;240;sea;false;ocean;0
5811;75;40;248;sea;false;ocean;0
5812;76;0;236;sea;true;ocean;0
5813;76;2;244;sea;false;ocean;0
5814;76;4;236;sea;true;ocean;0
5815;76;6;240;sea;false;ocean;0
5816;76;8;248;sea;false;ocean;0
5817;76;10;236;sea;false;ocean;0
5818;76;12;244;sea;false;ocean;0
5819;76;15;232;sea;false;ocean;0
5820;76;16;240;sea;false;ocean;0
5821;76;17;248;sea;false;ocean;0
5822;76;19;236;sea;false;ocean;0
5823;76;20;244;sea;true;ocean;0
5824;76;22;240;sea;false;ocean;0
5825;76;24;248;sea;false;ocean;0
5826;76;26;244;sea;false;ocean;0
5827;76;27;232;sea;false;ocean;0
5828;76;29;240;sea;true;ocean;0
5829;76;30;248;sea;false;ocean;0
5830;76;31;236;sea;false;ocean;0
5831;76;33;244;sea;false;ocean;0
5832;76;34;232;sea;false;ocean;0
5833;76;35;240;sea;false;ocean;0
5834;76;36;248;sea;true;ocean;0
5835;76;38;236;sea;false;ocean;0
5836;76;39;244;sea;false;ocean;0
5837;76;40;232;sea;false;ocean;0
5838;77;0;240;sea;true;ocean;0
5839;77;2;248;sea;false;ocean;0
5840;77;4;236;sea;true;ocean;0
5841;77;6;244;sea;false;ocean;0
5842;77;8;232;sea;true;ocean;0
5843;77;8;244;sea;false;ocean;0
5844;77;10;240;sea;false;ocean;0
5845;77;12;248;sea;false;ocean;0
5846;77;15;236;sea;false;ocean;0
5847;77;16;244;sea;false;ocean;0
5848;77;17;232;sea;false;ocean;0
5849;77;19;240;sea;false;ocean;0
5850;77;20;248;sea;true;ocean;0
5851;77;24;232;sea;false;ocean;0
5852;77;26;248;sea;false;ocean;0
5853;77;27;236;sea;true;ocean;0
5854;77;29;244;sea;true;ocean;0
5855;77;30;232;sea;false;ocean;0
5856;77;31;240;sea;false;ocean;0
5857;77;33;248;sea;false;ocean;0
5858;77;34;236;sea;false;ocean;0
5859;77;35;244;sea;false;ocean;0
5860;77;36;232;sea;true;ocean;0
5861;77;38;240;sea;false;ocean;0
5862;77;39;248;sea;false;ocean;0
5863;77;40;236;sea;false;ocean;0
5864;78;0;244;sea;true;ocean;0
5865;78;2;232;sea;false;ocean;0
5866;78;4;240;sea;true;ocean;0
5867;78;6;248;sea;false;ocean;0
5868;78;8;236;sea;true;ocean;0
5869;78;14;232;sea;true;ocean;0
5870;78;15;240;sea;false;ocean;0
5871;78;17;236;sea;false;ocean;0
5872;78;19;244;sea;false;ocean;0
5873;78;20;232;sea;true;ocean;0
5874;78;22;248;sea;false;ocean;0
5875;78;24;236;sea;false;ocean;0
5876;78;25;244;sea;false;ocean;0
5877;78;26;232;sea;false;ocean;0
5878;78;27;240;sea;false;ocean;0
5879;78;29;248;sea;false;ocean;0
5880;78;30;236;sea;false;ocean;0
5881;78;31;244;sea;false;ocean;0
5882;78;33;232;sea;false;ocean;0
5883;78;33;233;sea;false;ocean;0
5884;78;34;240;sea;false;ocean;0
5885;78;35;248;sea;false;ocean;0
5886;78;36;236;sea;false;ocean;0
5887;78;38;244;sea;false;ocean;0
5888;78;39;232;sea;false;ocean;0
5889;78;40;240;sea;false;ocean;0
5890;79;0;248;sea;true;ocean;0
5891;79;2;236;sea;false;ocean;0
5892;79;4;244;sea;true;ocean;0
5893;79;6;232;sea;false;ocean;0
5894;79;8;240;sea;true;ocean;0
5895;79;14;236;sea;false;ocean;0
5896;79;15;244;sea;false;ocean;0
5897;79;16;232;sea;false;ocean;0
5898;79;17;240;sea;false;ocean;0
5899;79;19;248;sea;true;ocean;0
5900;79;20;236;sea;false;ocean;0
5901;79;24;240;sea;true;ocean;0
5902;79;27;244;sea;false;ocean;0
5903;79;29;232;sea;false;ocean;0
5904;79;30;240;sea;false;ocean;0
5905;79;31;248;sea;false;ocean;0
5906;79;33;236;sea;false;ocean;0
5907;79;34;244;sea;false;ocean;0
5908;79;35;232;sea;false;ocean;0
5909;79;36;240;sea;false;ocean;0
5910;79;38;248;sea;false;ocean;0
5911;79;39;236;sea;false;ocean;0
5912;79;40;244;sea;false;ocean;0
5913;80;0;232;sea;true;ocean;0
5914;80;2;240;sea;false;ocean;0
5915;80;4;248;sea;true;ocean;0
5916;80;6;236;sea;false;ocean;0
5917;80;8;244;sea;false;ocean;0
5918;36;108;146;lake;false;lakes;0
5919;80;15;248;sea;false;ocean;0
5920;80;16;236;sea;false;ocean;0
5921;80;17;244;sea;false;ocean;0
5922;80;19;232;sea;true;ocean;0
5923;80;20;240;sea;false;ocean;0
5924;80;24;244;sea;true;ocean;0
5925;80;27;248;sea;false;ocean;0
5926;80;29;236;sea;true;ocean;0
5927;80;30;244;sea;false;ocean;0
5928;80;31;232;sea;true;ocean;0
5929;80;31;240;sea;false;ocean;0
5930;80;33;240;sea;false;ocean;0
5931;80;34;248;sea;false;ocean;0
5932;80;35;236;sea;false;ocean;0
5933;80;36;244;sea;false;ocean;0
5934;80;38;232;sea;false;ocean;0
5935;80;39;240;sea;false;ocean;0
5936;80;40;248;sea;false;ocean;0
5937;81;0;236;sea;false;ocean;0
5938;81;2;244;sea;false;ocean;0
5939;81;4;232;sea;false;ocean;0
5940;81;6;240;sea;false;ocean;0
5941;81;8;248;sea;true;ocean;0
5942;81;14;244;sea;true;ocean;0
5943;81;15;232;sea;false;ocean;0
5944;81;16;240;sea;false;ocean;0
5945;81;17;248;sea;false;ocean;0
5946;81;19;236;sea;true;ocean;0
5947;81;20;244;sea;false;ocean;0
5948;81;24;248;sea;true;ocean;0
5949;81;26;244;sea;false;ocean;0
5950;81;28;232;sea;false;ocean;0
5951;81;29;240;sea;true;ocean;0
5952;81;30;248;sea;false;ocean;0
5953;81;31;236;sea;true;ocean;0
5954;81;33;244;sea;false;ocean;0
5955;81;34;232;sea;false;ocean;0
5956;81;35;240;sea;false;ocean;0
5957;81;36;248;sea;false;ocean;0
5958;81;38;236;sea;false;ocean;0
5959;81;39;244;sea;false;ocean;0
5960;81;40;232;sea;true;ocean;0
5961;82;0;240;sea;true;ocean;0
5962;82;2;248;sea;false;ocean;0
5963;82;4;236;sea;true;ocean;0
5964;82;6;244;sea;false;ocean;0
5965;82;8;232;sea;false;ocean;0
5966;82;14;248;sea;false;ocean;0
5967;82;15;236;sea;true;ocean;0
5968;82;16;244;sea;false;ocean;0
5969;82;17;232;sea;false;ocean;0
5970;82;19;240;sea;true;ocean;0
5971;82;20;248;sea;false;ocean;0
5972;82;24;232;sea;false;ocean;0
5973;82;26;248;sea;false;ocean;0
5974;82;28;236;sea;false;ocean;0
5975;82;29;244;sea;true;ocean;0
5976;82;30;232;sea;false;ocean;0
5977;82;31;240;sea;true;ocean;0
5978;82;33;248;sea;false;ocean;0
5979;82;34;236;sea;false;ocean;0
5980;82;35;244;sea;false;ocean;0
5981;82;36;232;sea;false;ocean;0
5982;82;38;240;sea;false;ocean;0
5983;82;39;248;sea;false;ocean;0
5984;82;40;236;sea;true;ocean;0
5985;83;0;244;sea;true;ocean;0
5986;83;4;240;sea;false;ocean;0
5987;83;6;248;sea;false;ocean;0
5988;83;8;236;sea;false;ocean;0
5989;83;14;232;sea;false;ocean;0
5990;83;15;240;sea;false;ocean;0
5991;83;16;248;sea;false;ocean;0
5992;83;17;236;sea;false;ocean;0
5993;83;19;244;sea;false;ocean;0
5994;83;20;232;sea;false;ocean;0
5995;83;24;236;sea;false;ocean;0
5996;83;26;232;sea;false;ocean;0
5997;83;28;240;sea;false;ocean;0
5998;83;29;248;sea;false;ocean;0
5999;83;30;236;sea;false;ocean;0
6000;83;31;244;sea;true;ocean;0
6001;83;33;232;sea;false;ocean;0
6002;83;34;240;sea;false;ocean;0
6003;83;35;248;sea;false;ocean;0
6004;83;36;236;sea;false;ocean;0
6005;83;38;244;sea;false;ocean;0
6006;83;39;232;sea;false;ocean;0
6007;83;40;240;sea;true;ocean;0
6008;84;0;26;land;false;jungle;5
6009;84;0;71;land;true;plains;1
6010;84;0;176;land;false;forest;1
6011;84;0;248;sea;true;ocean;0
6012;84;3;36;land;false;marsh;1
6013;84;3;141;land;false;plains;1
6014;84;4;244;sea;false;ocean;0
6015;84;6;1;land;true;plains;1
6016;84;6;56;land;false;forest;6
6017;84;6;206;land;true;forest;1
6018;84;6;232;sea;false;ocean;0
6019;84;8;240;sea;false;ocean;0
6020;84;9;21;land;false;plains;5
6021;84;9;171;land;false;forest;1
6022;84;9;226;land;false;forest;1
6023;84;12;86;land;false;forest;1
6024;84;12;136;land;false;forest;1
6025;84;12;191;land;false;plains;6
6026;84;14;236;sea;false;ocean;0
6027;84;15;51;land;false;jungle;5
6028;84;15;156;land;false;forest;1
6029;84;15;201;land;true;marsh;1
6030;84;15;244;sea;true;ocean;0
6031;84;16;232;sea;false;ocean;0
6032;84;17;240;sea;false;ocean;0
6033;84;18;16;land;false;forest;1
6034;84;18;166;land;false;forest;1
6035;84;18;221;land;false;forest;1
6036;84;19;248;sea;false;ocean;0
6037;84;20;236;sea;false;ocean;0
6038;84;21;81;land;true;hills;1
6039;84;21;131;land;true;jungle;5
6040;84;21;186;land;true;plains;6
6041;84;24;46;land;true;mountain;1
6042;84;24;151;land;false;forest;1
6043;84;24;240;sea;false;ocean;0
6044;84;26;236;sea;false;ocean;0
6045;84;27;11;land;false;forest;1
6046;84;27;66;land;true;mountain;1
6047;84;27;216;land;false;forest;1
6048;84;28;244;sea;false;ocean;0
6049;84;29;232;sea;false;ocean;0
6050;84;30;31;land;true;urban;1
6051;84;30;76;land;false;forest;1
6052;84;30;181;land;true;forest;1
6053;84;30;240;sea;false;ocean;0
6054;84;31;248;sea;true;ocean;0
6055;84;33;41;land;false;mountain;1
6056;84;33;96;land;false;forest;1
6057;84;33;146;land;false;plains;1
6058;84;33;236;sea;false;ocean;0
6059;84;34;244;sea;false;ocean;0
6060;84;35;232;sea;false;ocean;0
6061;84;36;6;land;false;plains;1
6062;84;36;61;land;true;mountain;1
6063;84;36;211;land;false;forest;1
6064;84;36;240;sea;true;ocean;0
6065;84;38;248;sea;false;ocean;0
6066;84;39;26;land;true;plains;1
6067;84;39;176;land;false;forest;1
6068;84;39;236;sea;false;ocean;0
6069;84;40;244;sea;false;ocean;0
6070;84;42;91;land;true;forest;1
6071;84;42;141;land;true;mountain;1
6072;84;42;196;land;false;forest;1
6073;84;45;56;land;false;forest;1
6074;84;45;206;land;false;forest;1
6075;84;48;21;land;false;forest;1
6076;84;48;171;land;false;forest;1
6077;84;48;226;land;false;forest;1
6078;84;51;86;land;false;forest;1
6079;84;51;136;land;true;mountain;1
6080;84;51;191;land;false;hills;1
6081;84;54;51;land;false;forest;1
6082;84;54;156;land;false;plains;1
6083;84;57;16;land;true;forest;1
6084;84;57;71;land;false;forest;1
6085;84;57;221;land;false;forest;6
6086;84;60;36;land;false;forest;1
6087;84;60;81;land;false;forest;1
6088;84;60;186;land;false;plains;6
6089;84;63;1;land;false;plains;6
6090;84;63;46;land;true;plains;1
6091;84;63;151;land;false;plains;1
6092;84;66;11;land;true;plains;1
6093;84;66;66;land;false;forest;1
6094;84;66;216;land;false;forest;1
6095;84;69;31;land;false;forest;1
6096;84;69;181;land;false;forest;1
6097;84;72;96;land;false;forest;1
6098;84;72;146;land;false;forest;1
6099;84;72;201;land;false;forest;1
6100;84;75;61;land;false;plains;6
6101;84;75;166;land;false;forest;1
6102;84;75;211;land;false;plains;1
6103;84;78;26;land;false;urban;1
6104;84;78;131;land;true;mountain;1
6105;84;78;176;land;false;plains;1
6106;84;81;91;land;true;forest;1
6107;84;81;141;land;false;hills;1
6108;84;81;196;land;true;forest;1
6109;84;84;56;land;true;forest;1
6110;84;84;161;land;false;plains;6
6111;84;87;21;land;false;mountain;1
6112;84;87;226;land;false;forest;6
6113;84;90;41;land;false;forest;1
6114;84;90;191;land;false;mountain;1
6115;84;93;6;land;true;urban;1
6116;84;93;156;land;true;hills;1
6117;84;96;16;land;true;plains;1
6118;84;96;221;land;false;mountain;1
6119;84;99;36;land;false;forest;6
6120;84;99;186;land;true;plains;1
6121;84;102;1;land;false;forest;6
6122;84;102;206;land;false;forest;1
6123;84;105;66;land;false;forest;1
6124;84;105;171;land;false;plains;6
6125;84;105;216;land;true;forest;1
6126;84;108;31;land;false;forest;1
6127;84;108;136;land;false;plains;1
6128;84;108;181;land;false;forest;1
6129;84;111;96;land;false;forest;1
6130;84;111;146;land;false;mountain;1
6131;84;111;201;land;false;forest;1
6132;84;114;61;land;true;forest;1
6133;84;114;166;land;false;plains;6
6134;84;117;26;land;false;forest;1
6135;84;117;81;land;false;plains;1
6136;84;117;131;land;false;mountain;1
6137;84;120;91;land;false;forest;1
6138;84;120;196;land;false;forest;1
6139;84;123;11;land;false;forest;1
6140;84;123;56;land;false;marsh;1
6141;84;123;161;land;false;forest;1
6142;84;126;21;land;false;forest;1
6143;84;126;76;land;false;forest;1
6144;84;126;226;land;false;plains;1
6145;84;129;41;land;true;mountain;1
6146;84;129;191;land;false;forest;1
6147;84;132;6;land;false;forest;1
6148;84;132;156;land;false;forest;1
6149;84;132;211;land;false;plains;6
6150;84;135;71;land;true;plains;1
6151;84;135;176;land;true;forest;1
6152;84;135;221;land;false;mountain;1
6153;84;138;36;land;false;forest;1
6154;84;138;141;land;false;forest;1
6155;84;138;186;land;false;mountain;1
6156;84;141;1;land;false;forest;1
6157;84;141;151;land;false;forest;1
6158;84;141;206;land;false;forest;6
6159;84;144;66;land;false;plains;1
6160;84;144;171;land;false;plains;1
6161;84;147;31;land;false;forest;1
6162;84;147;86;land;false;forest;6
6163;84;147;136;land;false;forest;1
6164;84;150;51;land;false;forest;1
6165;84;150;96;land;true;forest;1
6166;84;150;201;land;false;forest;1
6167;84;153;16;land;false;forest;1
6168;84;153;61;land;false;forest;1
6169;84;153;166;land;false;forest;1
6170;84;156;26;land;false;forest;1
6171;84;156;81;land;false;plains;6
6172;84;156;131;land;false;forest;1
6173;84;159;196;land;false;mountain;1
6174;84;162;11;land;true;forest;1
6175;84;162;161;land;false;forest;1
6176;84;162;216;land;true;plains;1
6177;84;165;76;land;false;forest;6
6178;84;165;181;land;false;forest;1
6179;84;165;226;land;false;forest;1
6180;84;168;146;land;false;forest;1
6181;84;168;191;land;true;forest;1
6182;84;171;6;land;false;forest;1
6183;84;171;156;land;false;marsh;1
6184;84;171;211;land;false;mountain;1
6185;84;174;71;land;false;mountain;1
6186;84;174;176;land;true;forest;1
6187;84;177;36;land;true;mountain;1
6188;84;177;91;land;false;plains;1
6189;84;177;141;land;false;forest;1
6190;84;180;206;land;false;forest;6
6191;84;183;21;land;false;forest;6
6192;84;183;66;land;true;plains;6
6193;84;183;171;land;false;plains;6
6194;84;186;31;land;false;mountain;1
6195;84;186;86;land;false;forest;1
6196;84;186;136;land;true;plains;1
6197;84;189;51;land;false;forest;1
6198;84;189;201;land;false;forest;1
6199;84;192;16;land;false;forest;1
6200;84;192;166;land;false;forest;1
6201;84;192;221;land;true;forest;1
6202;84;195;81;land;false;forest;6
6203;84;195;186;land;false;forest;1
6204;84;198;46;land;false;mountain;1
6205;84;198;151;land;true;mountain;1
6206;84;198;196;land;false;forest;1
6207;84;201;11;land;false;mountain;1
6208;84;201;161;land;false;hills;1
6209;84;201;216;land;true;plains;1
6210;84;204;76;land;false;forest;1
6211;84;204;181;land;false;mountain;6
6212;84;207;41;land;false;forest;1
6213;84;207;146;land;false;forest;6
6214;84;210;6;land;true;mountain;1
6215;84;210;61;land;false;forest;1
6216;84;210;211;land;false;mountain;1
6217;85;0;131;land;false;forest;6
6218;85;0;186;land;false;forest;1
6219;85;0;232;sea;true;ocean;0
6220;85;3;46;land;false;forest;1
6221;85;3;151;land;false;plains;1
6222;85;3;196;land;true;forest;1
6223;85;4;248;sea;true;ocean;0
6224;85;6;11;land;false;forest;6
6225;85;6;161;land;false;hills;1
6226;85;6;216;land;false;hills;6
6227;85;6;236;sea;false;ocean;0
6228;85;8;244;sea;false;ocean;0
6229;85;9;76;land;false;plains;1
6230;85;9;181;land;false;plains;1
6231;85;12;41;land;false;forest;1
6232;85;12;96;land;false;marsh;1
6233;85;12;146;land;false;plains;1
6234;85;14;240;sea;false;ocean;0
6235;85;15;6;land;true;forest;1
6236;85;15;61;land;false;forest;1
6237;85;15;211;land;false;hills;1
6238;85;15;248;sea;false;ocean;0
6239;85;16;236;sea;false;ocean;0
6240;85;17;244;sea;false;ocean;0
6241;85;18;26;land;false;forest;1
6242;85;18;71;land;false;plains;1
6243;85;18;176;land;false;plains;1
6244;85;20;240;sea;false;ocean;0
6245;85;21;36;land;false;urban;1
6246;85;21;141;land;false;plains;6
6247;85;24;1;land;false;forest;1
6248;85;24;56;land;false;hills;1
6249;85;24;206;land;false;plains;1
6250;85;24;244;sea;false;ocean;0
6251;85;26;240;sea;false;ocean;0
6252;85;27;21;land;false;forest;1
6253;85;27;171;land;false;plains;6
6254;85;27;226;land;false;forest;1
6255;85;28;248;sea;false;ocean;0
6256;85;29;236;sea;true;ocean;0
6257;85;30;86;land;false;plains;1
6258;85;30;136;land;true;plains;1
6259;85;30;191;land;false;plains;1
6260;85;30;244;sea;false;ocean;0
6261;85;31;232;sea;true;ocean;0
6262;85;33;51;land;false;urban;1
6263;85;33;156;land;false;forest;1
6264;85;33;201;land;false;forest;1
6265;85;33;240;sea;false;ocean;0
6266;85;34;248;sea;false;ocean;0
6267;85;35;236;sea;false;ocean;0
6268;85;36;16;land;false;plains;1
6269;85;36;166;land;false;forest;1
6270;85;36;221;land;false;plains;1
6271;85;36;244;sea;true;ocean;0
6272;85;38;232;sea;false;ocean;0
6273;85;39;81;land;false;forest;1
6274;85;39;131;land;false;forest;6
6275;85;39;186;land;false;hills;6
6276;85;39;240;sea;false;ocean;0
6277;85;40;248;sea;false;ocean;0
6278;85;42;46;land;false;plains;6
6279;85;42;151;land;false;plains;1
6280;85;45;66;land;false;marsh;1
6281;85;45;216;land;false;hills;1
6282;85;48;31;land;true;urban;1
6283;85;48;76;land;false;forest;1
6284;85;48;181;land;false;forest;1
6285;85;51;41;land;false;plains;6
6286;85;51;96;land;false;plains;1
6287;85;51;146;land;true;urban;1
6288;85;54;6;land;false;forest;6
6289;85;54;61;land;true;mountain;1
6290;85;54;211;land;false;hills;1
6291;85;57;26;land;false;plains;1
6292;85;60;91;land;false;plains;1
6293;85;60;141;land;false;forest;1
6294;85;63;56;land;false;forest;6
6295;85;63;206;land;false;forest;1
6296;85;66;21;land;false;urban;1
6297;85;66;171;land;false;forest;6
6298;85;66;226;land;false;forest;1
6299;85;69;86;land;false;forest;1
6300;85;69;136;land;true;plains;1
6301;85;69;191;land;false;plains;1
6302;85;72;156;land;false;hills;6
6303;85;75;16;land;false;forest;1
6304;85;75;71;land;false;forest;1
6305;85;75;221;land;false;plains;1
6306;85;78;36;land;false;forest;1
6307;85;78;81;land;false;forest;6
6308;85;78;186;land;false;plains;6
6309;85;81;1;land;false;plains;1
6310;85;81;46;land;true;forest;1
6311;85;84;11;land;false;forest;1
6312;85;84;216;land;false;forest;6
6313;85;87;31;land;false;plains;1
6314;85;87;181;land;true;forest;1
6315;85;90;96;land;false;plains;1
6316;85;90;146;land;false;forest;1
6317;85;90;201;land;false;plains;1
6318;85;93;61;land;false;urban;1
6319;85;93;166;land;false;marsh;1
6320;85;93;211;land;false;mountain;1
6321;85;96;131;land;false;plains;1
6322;85;96;176;land;true;forest;1
6323;85;99;91;land;false;forest;6
6324;85;99;141;land;false;plains;1
6325;85;99;196;land;true;forest;1
6326;85;102;56;land;false;plains;1
6327;85;105;21;land;false;plains;6
6328;85;105;76;land;false;plains;1
6329;85;105;226;land;false;plains;1
6330;85;108;41;land;false;forest;1
6331;85;108;86;land;false;forest;1
6332;85;108;191;land;true;urban;1
6333;85;111;156;land;false;forest;1
6334;85;114;71;land;true;forest;1
6335;85;114;221;land;true;forest;1
6336;85;117;36;land;true;plains;1
6337;85;120;1;land;false;hills;6
6338;85;120;151;land;false;urban;6
6339;85;120;206;land;false;forest;6
6340;85;123;66;land;false;forest;1
6341;85;123;171;land;false;plains;1
6342;85;123;216;land;false;plains;1
6343;85;126;31;land;false;forest;1
6344;85;126;136;land;false;plains;1
6345;85;129;96;land;true;plains;1
6346;85;129;146;land;false;plains;1
6347;85;129;201;land;false;plains;1
6348;85;132;61;land;false;hills;1
6349;85;132;166;land;true;plains;1
6350;85;135;26;land;true;plains;1
6351;85;135;81;land;false;plains;1
6352;85;135;131;land;false;forest;6
6353;85;138;46;land;false;plains;1
6354;85;138;196;land;false;plains;1
6355;85;141;11;land;false;forest;1
6356;85;141;56;land;false;plains;1
6357;85;141;161;land;false;forest;6
6358;85;144;21;land;false;plains;1
6359;85;144;76;land;false;plains;1
6360;85;144;226;land;false;plains;1
6361;85;147;41;land;true;plains;1
6362;85;147;191;land;false;forest;1
6363;85;150;6;land;true;hills;1
6364;85;150;156;land;true;plains;1
6365;85;153;71;land;false;plains;1
6366;85;153;176;land;false;forest;6
6367;85;153;221;land;false;forest;1
6368;85;156;36;land;false;plains;6
6369;85;156;141;land;false;plains;1
6370;85;156;186;land;false;plains;1
6371;85;159;1;land;false;forest;1
6372;85;159;151;land;false;forest;6
6373;85;159;206;land;false;marsh;1
6374;85;162;66;land;false;plains;6
6375;85;162;171;land;false;forest;1
6376;85;165;31;land;false;plains;1
6377;85;165;86;land;false;urban;1
6378;85;165;136;land;true;forest;1
6379;85;168;51;land;false;plains;6
6380;85;168;96;land;false;urban;1
6381;85;168;201;land;false;forest;1
6382;85;171;16;land;false;plains;1
6383;85;171;61;land;false;forest;6
6384;85;171;166;land;true;urban;1
6385;85;174;26;land;true;mountain;1
6386;85;174;81;land;false;forest;1
6387;85;174;131;land;false;forest;1
6388;85;177;196;land;false;forest;6
6389;85;180;11;land;true;urban;1
6390;85;180;216;land;false;forest;1
6391;85;183;76;land;false;plains;1
6392;85;183;226;land;false;forest;1
6393;85;186;41;land;true;plains;1
6394;85;186;146;land;false;forest;6
6395;85;186;191;land;true;plains;1
6396;85;189;6;land;false;hills;1
6397;85;189;156;land;false;plains;1
6398;85;189;211;land;false;plains;1
6399;85;192;71;land;true;plains;1
6400;85;195;36;land;false;forest;1
6401;85;195;91;land;false;forest;1
6402;85;195;141;land;true;plains;1
6403;85;198;1;land;false;forest;6
6404;85;198;206;land;false;forest;6
6405;85;201;21;land;true;mountain;1
6406;85;201;66;land;false;forest;1
6407;85;201;171;land;false;plains;1
6408;85;204;31;land;false;forest;1
6409;85;204;86;land;false;plains;1
6410;85;204;136;land;false;forest;1
6411;85;207;51;land;false;forest;1
6412;85;207;201;land;true;plains;1
6413;85;210;16;land;false;forest;1
6414;85;210;166;land;false;hills;1
6415;85;210;221;land;false;marsh;1
6416;86;0;36;land;false;hills;1
6417;86;0;91;land;false;plains;1
6418;86;0;141;land;false;forest;1
6419;86;0;236;sea;true;ocean;0
6420;86;3;56;land;true;plains;1
6421;86;3;206;land;false;forest;1
6422;86;4;232;sea;true;ocean;0
6423;86;6;21;land;false;forest;1
6424;86;6;66;land;false;plains;6
6425;86;6;240;sea;false;ocean;0
6426;86;6;244;sea;false;ocean;0
6427;86;8;248;sea;false;ocean;0
6428;86;9;31;land;false;plains;1
6429;86;9;86;land;false;plains;1
6430;86;9;136;land;false;hills;6
6431;86;12;51;land;false;mountain;1
6432;86;12;201;land;false;plains;1
6433;86;12;236;sea;false;ocean;0
6434;86;14;244;sea;false;ocean;0
6435;86;15;166;land;false;marsh;1
6436;86;15;221;land;false;mountain;7
6437;86;15;232;sea;false;ocean;0
6438;86;16;240;sea;false;ocean;0
6439;86;17;248;sea;false;ocean;0
6440;86;18;81;land;false;plains;1
6441;86;18;131;land;false;forest;1
6442;86;19;236;sea;true;ocean;0
6443;86;20;244;sea;true;ocean;0
6444;86;21;46;land;false;forest;1
6445;86;21;151;land;true;plains;1
6446;86;21;196;land;true;plains;1
6447;86;21;232;sea;false;ocean;0
6448;86;22;240;sea;false;ocean;0
6449;86;24;11;land;true;urban;1
6450;86;24;161;land;false;plains;6
6451;86;24;216;land;false;plains;1
6452;86;24;248;sea;false;ocean;0
6453;86;26;244;sea;false;ocean;0
6454;86;27;76;land;false;plains;1
6455;86;27;181;land;false;plains;1
6456;86;28;232;sea;false;ocean;0
6457;86;29;240;sea;false;ocean;0
6458;86;30;41;land;false;plains;1
6459;86;30;96;land;false;forest;1
6460;86;30;146;land;false;mountain;1
6461;86;30;248;sea;false;ocean;0
6462;86;33;6;land;false;forest;1
6463;86;33;61;land;false;hills;6
6464;86;33;211;land;false;urban;1
6465;86;33;244;sea;false;ocean;0
6466;86;34;232;sea;false;ocean;0
6467;86;35;240;sea;false;ocean;0
6468;86;36;26;land;false;plains;1
6469;86;36;71;land;false;urban;1
6470;86;36;176;land;false;forest;1
6471;86;36;248;sea;true;ocean;0
6472;86;38;236;sea;false;ocean;0
6473;86;39;36;land;false;plains;6
6474;86;39;91;land;false;urban;1
6475;86;39;244;sea;false;ocean;0
6476;86;40;232;sea;false;ocean;0
6477;86;42;1;land;false;plains;1
6478;86;42;56;land;false;plains;1
6479;86;42;206;land;false;hills;6
6480;86;45;21;land;false;plains;1
6481;86;45;171;land;false;plains;1
6482;86;45;226;land;false;mountain;2
6483;86;48;86;land;false;forest;1
6484;86;48;136;land;false;plains;1
6485;86;51;51;land;false;mountain;1
6486;86;51;156;land;false;plains;6
6487;86;51;201;land;false;plains;1
6488;86;54;16;land;false;urban;1
6489;86;54;166;land;true;plains;1
6490;86;54;221;land;false;forest;1
6491;86;57;81;land;false;desert;6
6492;86;57;131;land;false;plains;1
6493;86;57;186;land;false;plains;1
6494;86;60;46;land;false;forest;1
6495;86;60;151;land;false;plains;1
6496;86;63;66;land;false;forest;1
6497;86;63;216;land;false;plains;1
6498;86;66;31;land;false;desert;6
6499;86;66;181;land;false;plains;1
6500;86;69;41;land;false;plains;1
6501;86;69;146;land;false;plains;1
6502;86;72;6;land;false;forest;6
6503;86;72;61;land;false;plains;1
6504;86;72;211;land;false;plains;1
6505;86;75;26;land;false;forest;1
6506;86;75;176;land;false;hills;1
6507;86;78;91;land;false;plains;1
6508;86;78;141;land;false;plains;1
6509;86;81;56;land;false;forest;1
6510;86;81;161;land;false;forest;2
6511;86;81;206;land;false;plains;1
6512;86;84;21;land;false;plains;1
6513;86;84;171;land;false;plains;1
6514;86;84;226;land;false;desert;6
6515;86;87;136;land;false;plains;6
6516;86;87;191;land;false;plains;6
6517;86;93;16;land;false;plains;1
6518;86;93;71;land;false;plains;1
6519;86;93;221;land;false;forest;1
6520;86;96;81;land;false;marsh;1
6521;86;99;46;land;false;urban;1
6522;86;99;151;land;false;plains;1
6523;86;102;66;land;false;desert;6
6524;86;102;216;land;false;plains;1
6525;86;105;31;land;false;desert;6
6526;86;105;181;land;true;hills;1
6527;86;108;96;land;false;forest;1
6528;86;108;146;land;false;plains;1
6529;86;108;201;land;false;mountain;1
6530;86;111;61;land;false;plains;1
6531;86;111;166;land;false;plains;1
6532;86;111;211;land;false;forest;1
6533;86;114;131;land;false;plains;1
6534;86;117;91;land;false;hills;1
6535;86;117;141;land;false;plains;1
6536;86;117;196;land;true;plains;1
6537;86;120;56;land;false;forest;1
6538;86;120;161;land;false;marsh;6
6539;86;123;21;land;false;plains;6
6540;86;123;76;land;false;forest;1
6541;86;123;226;land;false;hills;6
6542;86;126;41;land;false;hills;1
6543;86;126;86;land;false;forest;1
6544;86;126;191;land;false;plains;1
6545;86;129;6;land;false;hills;1
6546;86;129;51;land;false;plains;1
6547;86;132;71;land;false;plains;1
6548;86;135;36;land;false;plains;1
6549;86;135;186;land;false;hills;1
6550;86;138;1;land;true;plains;7
6551;86;138;151;land;false;plains;6
6552;86;138;206;land;false;hills;1
6553;86;141;216;land;false;plains;1
6554;86;144;31;land;false;plains;1
6555;86;144;136;land;false;forest;1
6556;86;144;181;land;false;marsh;1
6557;86;147;96;land;false;forest;1
6558;86;147;146;land;false;urban;1
6559;86;150;61;land;false;hills;1
6560;86;153;26;land;true;plains;1
6561;86;153;81;land;false;plains;1
6562;86;156;46;land;false;plains;1
6563;86;156;91;land;false;plains;1
6564;86;156;196;land;false;desert;6
6565;86;159;56;land;false;plains;1
6566;86;159;161;land;false;forest;1
6567;86;162;21;land;false;forest;1
6568;86;162;76;land;false;forest;1
6569;86;168;6;land;false;plains;1
6570;86;168;156;land;false;forest;1
6571;86;168;211;land;false;mountain;1
6572;86;171;71;land;true;forest;1
6573;86;171;176;land;false;forest;1
6574;86;171;221;land;false;hills;6
6575;86;174;36;land;false;hills;6
6576;86;174;141;land;false;forest;1
6577;86;174;186;land;false;plains;1
6578;86;177;1;land;false;plains;1
6579;86;177;151;land;false;marsh;1
6580;86;180;66;land;false;plains;1
6581;86;180;171;land;false;forest;1
6582;86;183;31;land;false;plains;1
6583;86;183;136;land;false;forest;1
6584;86;186;51;land;false;plains;1
6585;86;186;201;land;false;plains;1
6586;86;189;16;land;false;plains;1
6587;86;189;61;land;false;plains;1
6588;86;189;166;land;false;desert;6
6589;86;192;26;land;false;forest;1
6590;86;192;81;land;false;hills;1
6591;86;192;131;land;false;forest;1
6592;86;195;46;land;false;hills;1
6593;86;195;196;land;false;plains;1
6594;86;198;11;land;false;forest;1
6595;86;198;161;land;false;plains;1
6596;86;198;216;land;false;plains;1
6597;86;201;181;land;false;plains;1
6598;86;201;226;land;true;plains;1
6599;86;204;41;land;true;forest;1
6600;86;204;146;land;false;hills;1
6601;86;204;191;land;false;plains;6
6602;86;207;6;land;false;plains;1
6603;86;207;156;land;false;forest;1
6604;86;207;211;land;false;hills;1
6605;86;210;71;land;false;plains;1
6606;87;0;46;land;false;urban;1
6607;87;0;196;land;true;forest;2
6608;87;0;240;sea;true;ocean;0
6609;87;3;11;land;false;mountain;1
6610;87;3;161;land;true;plains;2
6611;87;3;216;land;false;hills;1
6612;87;4;236;sea;true;ocean;0
6613;87;6;76;land;false;urban;1
6614;87;6;181;land;false;hills;1
6615;87;6;226;land;false;desert;6
6616;87;6;244;sea;false;ocean;0
6617;87;8;232;sea;false;ocean;0
6618;87;9;41;land;false;forest;1
6619;87;9;146;land;false;hills;1
6620;87;9;191;land;false;plains;6
6621;87;12;6;land;true;forest;1
6622;87;12;211;land;false;plains;1
6623;87;12;240;sea;false;ocean;0
6624;87;14;248;sea;false;ocean;0
6625;87;15;71;land;false;plains;2
6626;87;15;176;land;true;urban;1
6627;87;15;236;sea;true;ocean;0
6628;87;16;244;sea;false;ocean;0
6629;87;17;232;sea;false;ocean;0
6630;87;18;36;land;false;plains;2
6631;87;18;141;land;false;mountain;1
6632;87;19;240;sea;true;ocean;0
6633;87;20;248;sea;true;ocean;0
6634;87;21;56;land;false;forest;1
6635;87;21;206;land;false;mountain;1
6636;87;21;236;sea;false;ocean;0
6637;87;22;244;sea;false;ocean;0
6638;87;24;66;land;false;hills;6
6639;87;24;171;land;false;forest;1
6640;87;24;232;sea;false;ocean;0
6641;87;26;248;sea;false;ocean;0
6642;87;27;31;land;false;mountain;7
6643;87;27;86;land;false;plains;1
6644;87;27;136;land;false;plains;1
6645;87;28;236;sea;false;ocean;0
6646;87;29;244;sea;false;ocean;0
6647;87;30;51;land;false;plains;1
6648;87;30;201;land;false;forest;1
6649;87;30;232;sea;false;ocean;0
6650;87;33;16;land;false;hills;1
6651;87;33;166;land;false;plains;1
6652;87;33;221;land;false;plains;1
6653;87;33;248;sea;false;ocean;0
6654;87;34;236;sea;false;ocean;0
6655;87;35;244;sea;false;ocean;0
6656;87;36;81;land;false;marsh;1
6657;87;36;131;land;true;plains;1
6658;87;36;186;land;false;plains;1
6659;87;36;232;sea;false;ocean;0
6660;87;38;240;sea;false;ocean;0
6661;87;39;46;land;false;mountain;1
6662;87;39;196;land;false;forest;2
6663;87;39;248;sea;false;ocean;0
6664;87;40;236;sea;false;ocean;0
6665;87;42;161;land;false;mountain;2
6666;87;45;76;land;false;forest;1
6667;87;45;181;land;false;mountain;1
6668;87;48;41;land;false;forest;1
6669;87;48;96;land;false;mountain;7
6670;87;48;146;land;false;plains;1
6671;87;51;61;land;false;mountain;7
6672;87;51;211;land;false;plains;1
6673;87;54;176;land;false;mountain;1
6674;87;57;91;land;false;mountain;7
6675;87;57;141;land;false;mountain;1
6676;87;60;1;land;false;forest;2
6677;87;60;56;land;false;plains;1
6678;87;60;206;land;false;mountain;1
6679;87;63;21;land;false;mountain;1
6680;87;63;171;land;false;mountain;1
6681;87;63;226;land;true;hills;2
6682;87;66;86;land;false;plains;1
6683;87;66;136;land;false;forest;1
6684;87;66;191;land;false;plains;6
6685;87;69;51;land;false;forest;1
6686;87;69;156;land;false;plains;6
6687;87;72;16;land;false;mountain;1
6688;87;72;166;land;false;forest;1
6689;87;72;221;land;false;hills;1
6690;87;75;81;land;false;hills;1
6691;87;78;46;land;false;mountain;1
6692;87;78;151;land;false;mountain;1
6693;87;81;11;land;false;forest;1
6694;87;81;66;land;false;plains;2
6695;87;81;216;land;false;forest;1
6696;87;84;31;land;false;plains;2
6697;87;84;181;land;false;hills;1
6698;87;87;41;land;false;forest;1
6699;87;87;96;land;true;plains;2
6700;87;87;146;land;false;plains;1
6701;87;90;61;land;true;plains;1
6702;87;93;26;land;false;plains;1
6703;87;93;176;land;false;plains;1
6704;87;96;91;land;true;mountain;1
6705;87;96;196;land;false;plains;2
6706;87;99;56;land;false;urban;1
6707;87;99;161;land;true;hills;2
6708;87;99;206;land;false;hills;1
6709;87;102;21;land;false;mountain;1
6710;87;102;226;land;true;urban;2
6711;87;105;86;land;false;mountain;1
6712;87;105;136;land;false;hills;1
6713;87;105;191;land;true;plains;2
6714;87;108;51;land;false;plains;1
6715;87;108;156;land;true;mountain;6
6716;87;111;16;land;false;plains;1
6717;87;111;71;land;false;hills;2
6718;87;111;221;land;false;plains;1
6719;87;114;36;land;false;hills;2
6720;87;114;81;land;false;plains;1
6721;87;114;186;land;false;mountain;1
6722;87;117;1;land;false;hills;2
6723;87;117;46;land;false;forest;1
6724;87;117;151;land;false;plains;1
6725;87;120;11;land;false;plains;1
6726;87;120;66;land;false;plains;2
6727;87;120;216;land;true;plains;1
6728;87;123;31;land;false;forest;2
6729;87;123;181;land;false;plains;1
6730;87;126;96;land;false;forest;1
6731;87;126;146;land;false;mountain;1
6732;87;126;201;land;true;urban;2
6733;87;129;61;land;false;plains;1
6734;87;129;166;land;true;forest;1
6735;87;129;211;land;false;plains;1
6736;87;132;26;land;false;hills;1
6737;87;132;131;land;false;plains;2
6738;87;135;91;land;false;hills;1
6739;87;135;141;land;false;plains;1
6740;87;135;196;land;false;plains;2
6741;87;138;56;land;true;plains;1
6742;87;138;161;land;false;mountain;2
6743;87;141;21;land;false;plains;1
6744;87;141;76;land;false;plains;1
6745;87;141;226;land;false;mountain;2
6746;87;144;41;land;false;plains;1
6747;87;144;86;land;false;plains;1
6748;87;144;191;land;true;hills;1
6749;87;147;6;land;true;mountain;1
6750;87;147;156;land;false;plains;1
6751;87;150;16;land;false;forest;1
6752;87;153;36;land;false;plains;2
6753;87;153;186;land;false;hills;1
6754;87;156;1;land;false;plains;2
6755;87;156;151;land;true;marsh;1
6756;87;156;206;land;true;mountain;1
6757;87;159;66;land;true;forest;2
6758;87;162;31;land;true;plains;6
6759;87;162;136;land;false;forest;1
6760;87;165;96;land;false;desert;6
6761;87;165;146;land;false;plains;1
6762;87;165;201;land;false;forest;1
6763;87;168;61;land;false;mountain;7
6764;87;168;166;land;true;forest;1
6765;87;171;26;land;false;plains;1
6766;87;171;81;land;false;urban;1
6767;87;171;131;land;true;forest;2
6768;87;174;91;land;false;plains;1
6769;87;174;196;land;false;plains;2
6770;87;177;11;land;false;mountain;1
6771;87;177;56;land;true;plains;1
6772;87;177;161;land;false;mountain;2
6773;87;180;76;land;false;forest;1
6774;87;180;226;land;false;mountain;6
6775;87;183;41;land;false;plains;1
6776;87;183;191;land;false;plains;1
6777;87;186;6;land;true;forest;1
6778;87;189;71;land;true;mountain;2
6779;87;192;36;land;false;forest;2
6780;87;192;141;land;false;urban;1
6781;87;192;186;land;false;plains;1
6782;87;195;1;land;false;plains;2
6783;87;195;151;land;true;plains;1
6784;87;195;206;land;false;mountain;1
6785;87;198;66;land;true;plains;2
6786;87;198;171;land;false;mountain;1
6787;87;201;31;land;false;forest;6
6788;87;201;86;land;true;urban;1
6789;87;201;136;land;false;mountain;1
6790;87;204;51;land;false;hills;1
6791;87;204;96;land;false;hills;6
6792;87;204;201;land;false;forest;1
6793;87;207;16;land;true;marsh;1
6794;87;207;61;land;false;plains;1
6795;87;207;166;land;true;hills;2
6796;87;210;26;land;false;plains;1
6797;87;210;131;land;true;forest;2
6798;88;0;1;land;false;plains;2
6799;88;0;151;land;false;hills;1
6800;88;0;206;land;false;forest;1
6801;88;0;244;sea;true;ocean;0
6802;88;2;232;sea;false;ocean;0
6803;88;3;66;land;false;forest;2
6804;88;3;171;land;false;mountain;6
6805;88;4;240;sea;true;ocean;0
6806;88;6;31;land;false;plains;6
6807;88;6;86;land;false;mountain;7
6808;88;6;136;land;false;mountain;7
6809;88;6;248;sea;false;ocean;0
6810;88;8;236;sea;true;ocean;0
6811;88;9;96;land;false;mountain;6
6812;88;9;201;land;true;hills;1
6813;88;12;16;land;false;mountain;7
6814;88;12;61;land;false;plains;1
6815;88;12;244;sea;false;ocean;0
6816;88;14;232;sea;true;ocean;0
6817;88;15;81;land;true;hills;1
6818;88;15;131;land;false;mountain;1
6819;88;15;240;sea;true;ocean;0
6820;88;16;248;sea;false;ocean;0
6821;88;17;236;sea;false;ocean;0
6822;88;18;46;land;true;mountain;6
6823;88;18;196;land;false;mountain;2
6824;88;19;244;sea;true;ocean;0
6825;88;20;232;sea;true;ocean;0
6826;88;21;11;land;false;mountain;7
6827;88;21;161;land;false;plains;2
6828;88;21;216;land;false;mountain;6
6829;88;21;240;sea;false;ocean;0
6830;88;22;248;sea;false;ocean;0
6831;88;24;76;land;true;hills;1
6832;88;24;181;land;false;plains;1
6833;88;24;226;land;true;hills;6
6834;88;24;236;sea;false;ocean;0
6835;88;26;232;sea;false;ocean;0
6836;88;27;41;land;false;plains;1
6837;88;27;146;land;true;plains;6
6838;88;27;191;land;false;hills;6
6839;88;28;240;sea;false;ocean;0
6840;88;29;248;sea;false;ocean;0
6841;88;30;6;land;false;mountain;1
6842;88;30;156;land;false;hills;1
6843;88;30;211;land;true;plains;1
6844;88;30;236;sea;false;ocean;0
6845;88;33;71;land;true;urban;2
6846;88;33;176;land;true;forest;2
6847;88;33;232;sea;false;ocean;0
6848;88;34;240;sea;false;ocean;0
6849;88;35;248;sea;false;ocean;0
6850;88;36;36;land;false;forest;2
6851;88;36;91;land;true;hills;6
6852;88;36;141;land;false;hills;6
6853;88;36;236;sea;false;ocean;0
6854;88;38;244;sea;false;ocean;0
6855;88;39;1;land;false;plains;2
6856;88;39;56;land;false;hills;1
6857;88;39;206;land;false;forest;1
6858;88;39;232;sea;false;ocean;0
6859;88;40;240;sea;false;ocean;0
6860;88;42;21;land;false;hills;6
6861;88;42;66;land;false;hills;2
6862;88;42;171;land;true;hills;1
6863;88;45;31;land;false;plains;6
6864;88;45;86;land;true;plains;7
6865;88;45;136;land;false;hills;1
6866;88;48;51;land;false;plains;1
6867;88;48;201;land;false;plains;1
6868;88;51;16;land;false;mountain;6
6869;88;51;166;land;false;plains;2
6870;88;51;221;land;true;hills;6
6871;88;54;81;land;false;mountain;7
6872;88;54;131;land;false;hills;2
6873;88;57;151;land;true;plains;6
6874;88;57;196;land;false;plains;2
6875;88;60;11;land;true;plains;1
6876;88;60;161;land;false;plains;2
6877;88;60;216;land;false;mountain;7
6878;88;63;76;land;false;hills;1
6879;88;63;181;land;false;hills;1
6880;88;66;96;land;true;plains;1
6881;88;66;146;land;true;plains;2
6882;88;69;6;land;true;urban;2
6883;88;69;211;land;false;desert;7
6884;88;72;26;land;false;hills;1
6885;88;72;71;land;false;forest;2
6886;88;72;176;land;false;hills;1
6887;88;75;36;land;false;mountain;2
6888;88;75;91;land;false;plains;7
6889;88;75;141;land;true;hills;1
6890;88;78;1;land;true;urban;2
6891;88;78;56;land;true;hills;1
6892;88;81;21;land;true;plains;2
6893;88;84;86;land;false;forest;6
6894;88;84;191;land;false;mountain;7
6895;88;87;51;land;true;plains;1
6896;88;87;156;land;false;hills;1
6897;88;90;166;land;false;mountain;2
6898;88;90;221;land;false;hills;6
6899;88;93;131;land;false;plains;2
6900;88;93;186;land;false;mountain;1
6901;88;96;46;land;false;plains;1
6902;88;96;151;land;false;plains;1
6903;88;99;11;land;false;hills;1
6904;88;99;66;land;false;hills;6
6905;88;99;216;land;false;mountain;6
6906;88;102;31;land;true;urban;1
6907;88;102;76;land;false;plains;1
6908;88;102;181;land;false;hills;7
6909;88;105;41;land;true;plains;2
6910;88;105;96;land;false;mountain;6
6911;88;108;6;land;false;plains;2
6912;88;108;61;land;true;plains;7
6913;88;108;211;land;false;mountain;1
6914;88;111;26;land;false;hills;1
6915;88;111;176;land;false;mountain;1
6916;88;114;91;land;false;hills;2
6917;88;114;141;land;false;forest;1
6918;88;114;196;land;true;hills;6
6919;88;117;56;land;false;plains;7
6920;88;120;21;land;false;mountain;7
6921;88;120;171;land;false;mountain;1
6922;88;120;226;land;true;hills;6
6923;88;123;86;land;false;plains;1
6924;88;123;136;land;true;hills;1
6925;88;123;191;land;false;plains;7
6926;88;126;51;land;false;hills;1
6927;88;126;156;land;true;plains;1
6928;88;129;71;land;true;hills;6
6929;88;129;221;land;false;hills;2
6930;88;132;36;land;false;mountain;1
6931;88;132;81;land;false;mountain;1
6932;88;132;186;land;false;hills;6
6933;88;135;1;land;false;plains;1
6934;88;135;46;land;false;forest;1
6935;88;135;151;land;false;mountain;7
6936;88;138;11;land;false;plains;1
6937;88;138;66;land;false;forest;6
6938;88;138;216;land;false;mountain;7
6939;88;141;31;land;true;plains;1
6940;88;141;181;land;false;plains;1
6941;88;144;96;land;false;plains;1
6942;88;144;146;land;false;hills;1
6943;88;144;201;land;true;forest;2
6944;88;147;61;land;true;forest;6
6945;88;147;166;land;false;hills;7
6946;88;147;211;land;true;plains;1
6947;88;150;26;land;false;hills;6
6948;88;150;131;land;false;plains;1
6949;88;150;176;land;false;plains;1
6950;88;153;91;land;false;plains;7
6951;88;153;196;land;false;forest;6
6952;88;156;56;land;false;plains;1
6953;88;159;21;land;false;hills;1
6954;88;159;76;land;false;hills;1
6955;88;159;226;land;false;forest;1
6956;88;162;41;land;false;mountain;7
6957;88;162;86;land;false;mountain;1
6958;88;162;191;land;false;mountain;2
6959;88;165;6;land;true;hills;1
6960;88;165;51;land;true;hills;1
6961;88;165;156;land;true;plains;6
6962;88;168;16;land;false;hills;1
6963;88;168;71;land;false;forest;6
6964;88;168;221;land;false;mountain;6
6965;88;171;186;land;false;mountain;7
6966;88;174;1;land;true;forest;1
6967;88;174;151;land;false;plains;1
6968;88;177;66;land;false;forest;2
6969;88;177;171;land;false;forest;6
6970;88;177;216;land;false;hills;1
6971;88;180;31;land;false;forest;2
6972;88;180;136;land;false;mountain;1
6973;88;180;181;land;true;mountain;1
6974;88;183;96;land;false;plains;2
6975;88;183;146;land;false;mountain;1
6976;88;186;61;land;false;hills;7
6977;88;186;166;land;false;plains;7
6978;88;189;26;land;false;mountain;7
6979;88;189;81;land;true;plains;1
6980;88;189;131;land;true;mountain;1
6981;88;192;46;land;true;hills;6
6982;88;192;91;land;false;plains;1
6983;88;195;56;land;false;hills;1
6984;88;195;161;land;true;urban;2
6985;88;198;21;land;false;mountain;1
6986;88;198;76;land;false;forest;1
6987;88;198;226;land;false;plains;2
6988;88;201;41;land;false;mountain;6
6989;88;201;191;land;false;hills;6
6990;88;204;6;land;false;plains;1
6991;88;204;156;land;false;hills;7
6992;88;204;211;land;false;mountain;7
6993;88;207;71;land;false;plains;1
6994;88;207;176;land;true;hills;6
6995;88;207;221;land;true;hills;7
6996;88;210;36;land;false;hills;1
6997;88;210;141;land;false;mountain;7
6998;88;210;186;land;false;forest;1
6999;89;0;11;land;false;urban;6
7000;89;0;56;land;false;plains;6
7001;89;0;161;land;false;mountain;7
7002;89;0;248;sea;true;ocean;0
7003;89;3;21;land;true;plains;7
7004;89;3;76;land;false;mountain;6
7005;89;3;226;land;true;desert;5
7006;89;4;244;sea;true;ocean;0
7007;89;6;41;land;false;mountain;6
7008;89;6;191;land;false;mountain;5
7009;89;6;232;sea;false;ocean;0
7010;89;8;240;sea;true;ocean;0
7011;89;9;6;land;false;urban;5
7012;89;9;156;land;false;plains;2
7013;89;9;211;land;true;mountain;6
7014;89;12;71;land;true;urban;6
7015;89;12;176;land;false;forest;6
7016;89;12;221;land;true;plains;6
7017;89;12;248;sea;false;ocean;0
7018;89;14;236;sea;false;ocean;0
7019;89;15;36;land;false;hills;6
7020;89;15;141;land;true;marsh;6
7021;89;15;186;land;true;hills;6
7022;89;15;244;sea;false;ocean;0
7023;89;16;232;sea;false;ocean;0
7024;89;17;240;sea;false;ocean;0
7025;89;18;1;land;false;plains;6
7026;89;18;151;land;true;plains;7
7027;89;18;206;land;true;mountain;6
7028;89;19;248;sea;true;ocean;0
7029;89;20;236;sea;true;ocean;0
7030;89;21;171;land;false;desert;5
7031;89;21;244;sea;false;ocean;0
7032;89;23;232;sea;false;ocean;0
7033;89;24;31;land;false;hills;5
7034;89;24;86;land;false;desert;6
7035;89;24;136;land;false;plains;6
7036;89;24;240;sea;false;ocean;0
7037;89;25;248;sea;false;ocean;0
7038;89;26;236;sea;false;ocean;0
7039;89;27;51;land;true;forest;6
7040;89;27;96;land;false;hills;5
7041;89;27;201;land;false;desert;5
7042;89;28;244;sea;false;ocean;0
7043;89;29;232;sea;false;ocean;0
7044;89;30;16;land;false;mountain;6
7045;89;30;61;land;false;forest;2
7046;89;30;166;land;true;hills;6
7047;89;30;240;sea;false;ocean;0
7048;89;33;26;land;false;hills;6
7049;89;33;81;land;false;mountain;6
7050;89;33;131;land;true;hills;6
7051;89;33;236;sea;false;ocean;0
7052;89;34;244;sea;false;ocean;0
7053;89;35;232;sea;false;ocean;0
7054;89;36;46;land;false;mountain;6
7055;89;36;196;land;false;hills;6
7056;89;36;240;sea;false;ocean;0
7057;89;38;248;sea;false;ocean;0
7058;89;39;11;land;true;mountain;6
7059;89;39;161;land;true;plains;1
7060;89;39;216;land;false;plains;6
7061;89;39;236;sea;false;ocean;0
7062;89;40;244;sea;true;ocean;0
7063;89;42;76;land;false;desert;5
7064;89;42;181;land;false;hills;6
7065;89;42;226;land;false;hills;5
7066;89;45;41;land;false;hills;5
7067;89;45;146;land;true;mountain;6
7068;89;45;191;land;true;mountain;1
7069;89;48;6;land;true;urban;5
7070;89;48;156;land;false;hills;6
7071;89;48;211;land;true;plains;6
7072;89;51;71;land;true;urban;6
7073;89;51;176;land;false;mountain;5
7074;89;54;36;land;false;plains;6
7075;89;54;91;land;false;forest;6
7076;89;54;141;land;false;desert;5
7077;89;57;1;land;false;hills;5
7078;89;57;56;land;true;forest;6
7079;89;57;206;land;true;desert;5
7080;89;60;21;land;false;forest;6
7081;89;60;66;land;true;hills;5
7082;89;60;171;land;true;desert;5
7083;89;63;31;land;false;forest;2
7084;89;63;86;land;false;plains;6
7085;89;63;136;land;false;hills;6
7086;89;66;51;land;false;mountain;6
7087;89;66;201;land;true;hills;6
7088;89;69;16;land;false;forest;5
7089;89;69;166;land;false;plains;6
7090;89;69;221;land;false;mountain;6
7091;89;72;81;land;true;plains;5
7092;89;72;131;land;false;plains;6
7093;89;72;186;land;true;forest;6
7094;89;75;46;land;false;forest;6
7095;89;75;151;land;false;plains;6
7096;89;75;196;land;true;hills;1
7097;89;78;11;land;false;urban;6
7098;89;78;161;land;false;hills;1
7099;89;78;216;land;false;mountain;6
7100;89;81;76;land;false;hills;5
7101;89;81;181;land;false;urban;6
7102;89;84;41;land;true;hills;6
7103;89;84;96;land;false;mountain;6
7104;89;84;146;land;false;plains;6
7105;89;87;6;land;true;hills;6
7106;89;87;61;land;false;mountain;6
7107;89;87;211;land;false;hills;7
7108;89;90;26;land;true;hills;6
7109;89;90;71;land;false;plains;6
7110;89;90;176;land;true;urban;6
7111;89;93;36;land;false;hills;1
7112;89;93;91;land;true;plains;6
7113;89;93;141;land;true;hills;6
7114;89;96;1;land;true;plains;1
7115;89;96;56;land;true;plains;6
7116;89;96;206;land;false;mountain;5
7117;89;99;21;land;false;desert;5
7118;89;99;171;land;false;plains;2
7119;89;99;226;land;false;mountain;6
7120;89;102;86;land;false;plains;6
7121;89;102;136;land;true;hills;6
7122;89;102;191;land;false;hills;6
7123;89;105;51;land;true;plains;3
7124;89;105;156;land;false;plains;6
7125;89;105;201;land;true;urban;6
7126;89;108;16;land;false;plains;6
7127;89;108;166;land;true;plains;1
7128;89;108;221;land;false;plains;6
7129;89;111;81;land;false;plains;6
7130;89;111;131;land;true;hills;7
7131;89;111;186;land;false;mountain;6
7132;89;114;46;land;true;mountain;5
7133;89;114;151;land;false;plains;5
7134;89;117;11;land;false;plains;2
7135;89;117;66;land;true;plains;6
7136;89;117;216;land;false;desert;5
7137;89;120;31;land;false;urban;6
7138;89;120;76;land;false;plains;2
7139;89;120;181;land;false;mountain;5
7140;89;123;41;land;false;desert;7
7141;89;123;96;land;false;plains;6
7142;89;123;146;land;false;plains;6
7143;89;126;6;land;false;mountain;7
7144;89;126;61;land;false;desert;5
7145;89;126;211;land;true;hills;6
7146;89;129;26;land;false;hills;6
7147;89;129;176;land;true;hills;1
7148;89;132;91;land;false;desert;5
7149;89;132;141;land;false;hills;5
7150;89;132;196;land;true;plains;6
7151;89;135;56;land;false;mountain;7
7152;89;135;161;land;false;hills;6
7153;89;135;206;land;true;hills;1
7154;89;138;21;land;false;desert;5
7155;89;138;171;land;true;plains;6
7156;89;138;226;land;false;desert;5
7157;89;141;86;land;true;hills;6
7158;89;141;136;land;false;hills;6
7159;89;141;191;land;false;plains;6
7160;89;144;51;land;false;hills;6
7161;89;144;156;land;false;forest;5
7162;89;147;16;land;true;plains;5
7163;89;147;71;land;false;hills;6
7164;89;147;221;land;false;plains;5
7165;89;150;36;land;false;plains;6
7166;89;150;81;land;true;mountain;5
7167;89;150;186;land;false;plains;6
7168;89;153;1;land;false;hills;6
7169;89;153;46;land;true;urban;6
7170;89;153;151;land;false;mountain;7
7171;89;156;11;land;false;hills;6
7172;89;156;66;land;false;forest;6
7173;89;156;216;land;false;mountain;5
7174;89;159;31;land;false;mountain;6
7175;89;159;181;land;true;plains;6
7176;89;162;96;land;false;desert;7
7177;89;162;201;land;false;plains;6
7178;89;165;61;land;true;hills;6
7179;89;165;166;land;false;forest;6
7180;89;165;211;land;false;hills;5
7181;89;168;26;land;false;plains;6
7182;89;168;131;land;false;mountain;6
7183;89;168;176;land;false;urban;1
7184;89;171;91;land;false;desert;7
7185;89;171;141;land;true;marsh;2
7186;89;171;196;land;true;plains;6
7187;89;174;56;land;false;hills;6
7188;89;174;161;land;false;desert;5
7189;89;177;21;land;false;hills;6
7190;89;177;76;land;false;mountain;6
7191;89;177;226;land;true;urban;6
7192;89;180;41;land;false;mountain;6
7193;89;180;86;land;true;hills;1
7194;89;180;191;land;false;desert;5
7195;89;183;6;land;true;plains;6
7196;89;183;51;land;false;mountain;1
7197;89;183;156;land;true;hills;6
7198;89;186;16;land;false;hills;1
7199;89;186;71;land;false;forest;6
7200;89;186;221;land;false;plains;6
7201;89;189;36;land;false;mountain;6
7202;89;189;186;land;true;marsh;2
7203;89;192;1;land;true;mountain;5
7204;89;192;151;land;true;plains;6
7205;89;192;206;land;false;forest;6
7206;89;195;66;land;false;desert;5
7207;89;195;171;land;true;plains;6
7208;89;195;216;land;false;plains;6
7209;89;198;31;land;true;plains;5
7210;89;198;136;land;false;plains;6
7211;89;198;181;land;true;mountain;1
7212;89;201;96;land;true;hills;6
7213;89;201;146;land;false;hills;1
7214;89;201;201;land;true;plains;6
7215;89;204;61;land;true;hills;5
7216;89;204;166;land;false;desert;5
7217;89;207;26;land;false;hills;6
7218;89;207;81;land;false;forest;6
7219;89;207;131;land;false;jungle;5
7220;89;210;46;land;false;hills;6
7221;89;210;91;land;true;plains;6
7222;89;210;196;land;false;forest;6
7223;90;0;66;land;true;mountain;6
7224;90;0;171;land;false;mountain;6
7225;90;0;216;land;true;jungle;6
7226;90;0;232;sea;true;ocean;0
7227;90;3;31;land;true;jungle;6
7228;90;3;136;land;false;forest;6
7229;90;3;181;land;false;forest;6
7230;90;4;248;sea;true;ocean;0
7231;90;6;96;land;true;jungle;6
7232;90;6;146;land;true;mountain;6
7233;90;6;201;land;false;plains;6
7234;90;6;236;sea;false;ocean;0
7235;90;8;244;sea;true;ocean;0
7236;90;9;61;land;true;mountain;6
7237;90;9;166;land;false;plains;6
7238;90;12;26;land;false;forest;6
7239;90;12;81;land;false;plains;1
7240;90;12;131;land;false;plains;6
7241;90;12;232;sea;false;ocean;0
7242;90;14;240;sea;false;ocean;0
7243;90;15;46;land;false;desert;6
7244;90;15;91;land;true;mountain;6
7245;90;15;196;land;true;plains;3
7246;90;15;248;sea;true;ocean;0
7247;90;16;236;sea;false;ocean;0
7248;90;17;244;sea;false;ocean;0
7249;90;18;11;land;false;hills;6
7250;90;18;56;land;false;plains;6
7251;90;18;161;land;true;jungle;4
7252;90;19;232;sea;false;ocean;0
7253;90;20;240;sea;true;ocean;0
7254;90;21;21;land;false;marsh;6
7255;90;21;76;land;false;mountain;2
7256;90;21;226;land;false;plains;6
7257;90;21;248;sea;false;ocean;0
7258;90;23;236;sea;false;ocean;0
7259;90;24;41;land;true;forest;2
7260;90;24;191;land;true;hills;6
7261;90;24;244;sea;false;ocean;0
7262;90;25;232;sea;false;ocean;0
7263;90;26;240;sea;false;ocean;0
7264;90;27;6;land;true;plains;4
7265;90;27;156;land;true;mountain;6
7266;90;27;211;land;false;plains;6
7267;90;28;248;sea;false;ocean;0
7268;90;29;236;sea;false;ocean;0
7269;90;30;71;land;true;mountain;4
7270;90;30;176;land;false;desert;6
7271;90;30;221;land;false;mountain;6
7272;90;30;244;sea;false;ocean;0
7273;90;33;36;land;false;mountain;6
7274;90;33;141;land;false;plains;6
7275;90;33;186;land;true;mountain;6
7276;90;33;240;sea;false;ocean;0
7277;90;34;248;sea;false;ocean;0
7278;90;35;236;sea;false;ocean;0
7279;90;36;1;land;false;mountain;6
7280;90;36;151;land;true;hills;6
7281;90;36;206;land;false;plains;6
7282;90;36;244;sea;false;ocean;0
7283;90;38;232;sea;false;ocean;0
7284;90;39;66;land;true;mountain;6
7285;90;39;171;land;false;plains;6
7286;90;39;240;sea;false;ocean;0
7287;90;40;248;sea;true;ocean;0
7288;90;42;31;land;false;mountain;6
7289;90;42;86;land;false;hills;2
7290;90;42;136;land;true;plains;6
7291;90;45;51;land;false;plains;2
7292;90;45;96;land;true;hills;6
7293;90;45;201;land;true;plains;6
7294;90;48;16;land;false;mountain;6
7295;90;48;61;land;true;jungle;6
7296;90;48;166;land;true;jungle;6
7297;90;51;26;land;true;plains;6
7298;90;51;81;land;false;plains;6
7299;90;51;131;land;false;hills;6
7300;90;54;46;land;false;mountain;6
7301;90;54;196;land;false;plains;6
7302;90;57;11;land;true;plains;6
7303;90;57;161;land;true;plains;6
7304;90;57;216;land;true;forest;2
7305;90;60;76;land;true;jungle;4
7306;90;60;181;land;false;plains;2
7307;90;60;226;land;true;plains;6
7308;90;63;41;land;true;mountain;6
7309;90;63;146;land;true;mountain;6
7310;90;63;191;land;false;plains;6
7311;90;66;6;land;true;jungle;6
7312;90;66;156;land;false;hills;6
7313;90;66;211;land;false;plains;6
7314;90;69;71;land;false;mountain;6
7315;90;69;176;land;true;urban;2
7316;90;72;36;land;false;mountain;6
7317;90;72;91;land;false;plains;6
7318;90;72;141;land;false;forest;6
7319;90;75;1;land;false;plains;6
7320;90;75;56;land;false;mountain;6
7321;90;75;206;land;true;plains;6
7322;90;78;21;land;false;desert;6
7323;90;78;66;land;true;plains;6
7324;90;78;171;land;true;plains;4
7325;90;81;31;land;false;jungle;6
7326;90;81;86;land;false;plains;6
7327;90;81;136;land;false;jungle;6
7328;90;84;51;land;false;plains;6
7329;90;84;201;land;true;hills;6
7330;90;87;16;land;false;forest;6
7331;90;87;166;land;true;plains;6
7332;90;87;221;land;false;desert;6
7333;90;90;81;land;true;jungle;4
7334;90;90;131;land;false;hills;6
7335;90;90;186;land;false;desert;6
7336;90;93;46;land;true;mountain;6
7337;90;93;151;land;false;desert;6
7338;90;93;196;land;false;plains;6
7339;90;96;11;land;true;jungle;4
7340;90;96;161;land;true;plains;6
7341;90;96;216;land;false;plains;6
7342;90;99;76;land;true;hills;6
7343;90;99;181;land;false;forest;6
7344;90;102;41;land;true;hills;6
7345;90;102;96;land;false;plains;2
7346;90;102;146;land;false;plains;6
7347;90;105;6;land;false;forest;6
7348;90;105;61;land;false;forest;2
7349;90;105;211;land;true;mountain;4
7350;90;108;26;land;false;plains;6
7351;90;108;71;land;true;plains;6
7352;90;108;176;land;true;jungle;4
7353;90;111;36;land;false;plains;6
7354;90;111;91;land;false;desert;6
7355;90;111;141;land;false;jungle;6
7356;90;114;1;land;false;mountain;6
7357;90;114;56;land;false;plains;6
7358;90;114;206;land;false;jungle;6
7359;90;117;21;land;false;forest;6
7360;90;117;171;land;true;hills;6
7361;90;117;226;land;true;forest;2
7362;90;120;86;land;false;mountain;4
7363;90;120;136;land;false;plains;6
7364;90;120;191;land;true;plains;2
7365;90;123;51;land;true;mountain;4
7366;90;123;156;land;false;forest;2
7367;90;123;201;land;false;plains;6
7368;90;126;16;land;true;mountain;6
7369;90;126;166;land;true;plains;6
7370;90;126;221;land;false;plains;6
7371;90;129;81;land;true;jungle;6
7372;90;129;131;land;false;mountain;6
7373;90;129;186;land;false;mountain;6
7374;90;132;46;land;false;mountain;6
7375;90;132;151;land;false;urban;6
7376;90;135;11;land;false;plains;6
7377;90;135;66;land;true;mountain;1
7378;90;135;216;land;false;mountain;4
7379;90;138;31;land;true;hills;2
7380;90;138;76;land;false;hills;6
7381;90;138;181;land;true;urban;6
7382;90;141;41;land;true;marsh;6
7383;90;141;96;land;false;plains;6
7384;90;141;146;land;true;plains;6
7385;90;144;6;land;true;jungle;6
7386;90;144;61;land;true;forest;2
7387;90;144;211;land;true;jungle;6
7388;90;147;26;land;true;plains;2
7389;90;147;176;land;true;plains;6
7390;90;150;91;land;true;plains;4
7391;90;150;141;land;true;mountain;6
7392;90;150;196;land;false;desert;6
7393;90;153;56;land;true;plains;6
7394;90;153;161;land;true;hills;1
7395;90;153;206;land;true;forest;6
7396;90;156;21;land;true;plains;6
7397;90;156;171;land;false;desert;6
7398;90;156;226;land;false;mountain;2
7399;90;159;86;land;true;jungle;6
7400;90;159;136;land;false;hills;6
7401;90;159;191;land;false;plains;6
7402;90;162;51;land;true;mountain;6
7403;90;162;156;land;false;plains;6
7404;90;165;16;land;true;hills;6
7405;90;165;71;land;false;desert;6
7406;90;165;221;land;false;hills;6
7407;90;168;36;land;false;plains;6
7408;90;168;81;land;true;urban;6
7409;90;168;186;land;false;mountain;4
7410;90;171;1;land;false;desert;6
7411;90;171;46;land;false;plains;6
7412;90;171;151;land;true;jungle;4
7413;90;174;11;land;true;jungle;6
7414;90;174;66;land;false;mountain;2
7415;90;174;216;land;true;hills;6
7416;90;177;31;land;false;forest;6
7417;90;177;181;land;true;plains;6
7418;90;180;96;land;false;forest;6
7419;90;180;146;land;true;plains;6
7420;90;180;201;land;true;forest;2
7421;90;183;61;land;false;mountain;6
7422;90;183;166;land;false;plains;2
7423;90;183;211;land;true;jungle;6
7424;90;186;26;land;false;mountain;6
7425;90;186;131;land;false;desert;6
7426;90;186;176;land;false;forest;6
7427;90;189;91;land;true;jungle;6
7428;90;189;141;land;false;forest;6
7429;90;189;196;land;false;plains;6
7430;90;192;56;land;false;plains;6
7431;90;192;161;land;false;plains;6
7432;90;195;21;land;true;jungle;6
7433;90;195;76;land;true;hills;2
7434;90;195;226;land;false;plains;6
7435;90;198;41;land;false;forest;2
7436;90;198;86;land;false;plains;6
7437;90;198;191;land;true;jungle;4
7438;90;201;6;land;false;plains;6
7439;90;201;51;land;true;jungle;6
7440;90;201;156;land;true;mountain;6
7441;90;204;16;land;false;mountain;6
7442;90;204;71;land;false;mountain;2
7443;90;204;221;land;false;jungle;6
7444;90;207;36;land;false;forest;6
7445;90;207;186;land;false;jungle;6
7446;90;210;1;land;false;mountain;6
7447;90;210;151;land;true;plains;6
7448;90;210;206;land;false;desert;6
7449;91;0;21;land;false;hills;2
7450;91;0;76;land;true;hills;4
7451;91;0;226;land;true;plains;3
7452;91;0;236;sea;true;ocean;0
7453;91;3;41;land;true;forest;4
7454;91;3;86;land;false;mountain;7
7455;91;3;191;land;false;mountain;6
7456;91;4;232;sea;true;ocean;0
7457;91;6;6;land;true;forest;4
7458;91;6;51;land;false;plains;2
7459;91;6;156;land;false;plains;6
7460;91;6;240;sea;false;ocean;0
7461;91;8;248;sea;true;ocean;0
7462;91;9;16;land;true;plains;2
7463;91;9;71;land;true;jungle;6
7464;91;9;221;land;false;hills;2
7465;91;12;36;land;false;forest;6
7466;91;12;186;land;false;mountain;2
7467;91;12;236;sea;false;ocean;0
7468;91;14;244;sea;true;ocean;0
7469;91;15;1;land;false;forest;6
7470;91;15;151;land;false;mountain;7
7471;91;15;206;land;false;hills;4
7472;91;15;232;sea;true;ocean;0
7473;91;16;240;sea;true;ocean;0
7474;91;17;248;sea;false;ocean;0
7475;91;18;66;land;false;plains;6
7476;91;18;171;land;false;plains;3
7477;91;18;216;land;true;desert;6
7478;91;19;236;sea;false;ocean;0
7479;91;20;244;sea;true;ocean;0
7480;91;21;31;land;true;forest;2
7481;91;21;136;land;true;forest;4
7482;91;21;181;land;false;forest;1
7483;91;21;232;sea;false;ocean;0
7484;91;23;240;sea;false;ocean;0
7485;91;24;96;land;false;forest;2
7486;91;24;146;land;false;desert;6
7487;91;24;201;land;true;jungle;4
7488;91;24;248;sea;false;ocean;0
7489;91;25;236;sea;false;ocean;0
7490;91;26;244;sea;false;ocean;0
7491;91;27;61;land;false;mountain;6
7492;91;27;166;land;false;forest;6
7493;91;28;232;sea;false;ocean;0
7494;91;29;240;sea;false;ocean;0
7495;91;30;26;land;true;hills;1
7496;91;30;81;land;false;mountain;4
7497;91;30;131;land;false;mountain;6
7498;91;30;248;sea;false;ocean;0
7499;91;31;236;sea;true;ocean;0
7500;91;33;46;land;false;plains;3
7501;91;33;91;land;false;desert;6
7502;91;33;196;land;false;plains;6
7503;91;33;244;sea;false;ocean;0
7504;91;34;232;sea;false;ocean;0
7505;91;35;240;sea;false;ocean;0
7506;91;36;11;land;true;forest;4
7507;91;36;56;land;false;desert;6
7508;91;36;161;land;false;plains;6
7509;91;36;248;sea;false;ocean;0
7510;91;38;236;sea;false;ocean;0
7511;91;39;21;land;false;desert;6
7512;91;39;76;land;true;jungle;4
7513;91;39;226;land;false;desert;7
7514;91;39;244;sea;false;ocean;0
7515;91;40;232;sea;false;ocean;0
7516;91;42;41;land;false;forest;6
7517;91;42;191;land;true;hills;2
7518;91;45;6;land;false;mountain;6
7519;91;45;156;land;false;mountain;6
7520;91;45;211;land;true;plains;4
7521;91;48;71;land;false;plains;6
7522;91;48;176;land;true;forest;4
7523;91;48;221;land;false;forest;6
7524;91;51;36;land;true;forest;2
7525;91;51;141;land;false;forest;4
7526;91;51;186;land;false;plains;6
7527;91;54;1;land;false;plains;2
7528;91;54;151;land;false;hills;2
7529;91;54;206;land;true;jungle;4
7530;91;57;66;land;false;mountain;7
7531;91;57;171;land;false;forest;6
7532;91;60;31;land;true;hills;6
7533;91;60;86;land;false;plains;4
7534;91;60;136;land;false;plains;6
7535;91;63;51;land;true;forest;4
7536;91;63;96;land;false;plains;2
7537;91;63;201;land;false;plains;6
7538;91;66;16;land;false;forest;4
7539;91;66;61;land;false;plains;2
7540;91;66;166;land;false;plains;6
7541;91;69;26;land;false;desert;6
7542;91;69;81;land;true;plains;4
7543;91;69;131;land;false;forest;2
7544;91;72;46;land;false;forest;6
7545;91;72;196;land;false;mountain;6
7546;91;75;11;land;true;hills;3
7547;91;75;161;land;false;forest;2
7548;91;75;216;land;false;forest;5
7549;91;78;76;land;false;mountain;6
7550;91;78;181;land;false;hills;3
7551;91;78;226;land;false;plains;2
7552;91;81;41;land;true;marsh;2
7553;91;81;146;land;true;hills;3
7554;91;81;191;land;false;mountain;1
7555;91;84;6;land;false;forest;2
7556;91;84;156;land;false;desert;6
7557;91;84;211;land;true;jungle;6
7558;91;87;71;land;false;mountain;2
7559;91;87;176;land;false;hills;6
7560;91;90;36;land;false;desert;6
7561;91;90;91;land;false;hills;3
7562;91;90;141;land;false;hills;6
7563;91;93;1;land;true;desert;6
7564;91;93;56;land;true;urban;4
7565;91;93;206;land;false;plains;6
7566;91;96;21;land;true;mountain;4
7567;91;96;66;land;true;plains;4
7568;91;96;171;land;false;plains;6
7569;91;99;31;land;false;plains;6
7570;91;99;86;land;false;mountain;4
7571;91;99;136;land;false;hills;6
7572;91;102;51;land;false;plains;6
7573;91;102;201;land;false;mountain;7
7574;91;105;16;land;false;plains;6
7575;91;105;166;land;false;plains;6
7576;91;105;221;land;true;mountain;5
7577;91;108;81;land;false;plains;6
7578;91;108;131;land;false;hills;6
7579;91;108;186;land;false;plains;4
7580;91;111;46;land;false;plains;6
7581;91;111;151;land;false;forest;3
7582;91;111;196;land;false;plains;6
7583;91;114;11;land;false;plains;2
7584;91;114;161;land;false;desert;6
7585;91;114;216;land;true;mountain;4
7586;91;117;76;land;false;plains;2
7587;91;117;181;land;false;hills;6
7588;91;120;41;land;false;forest;2
7589;91;120;96;land;false;hills;3
7590;91;120;146;land;true;hills;3
7591;91;123;6;land;false;hills;6
7592;91;123;61;land;false;hills;4
7593;91;123;211;land;false;plains;6
7594;91;126;26;land;false;hills;3
7595;91;126;71;land;false;hills;6
7596;91;126;176;land;false;forest;6
7597;91;129;36;land;false;desert;6
7598;91;129;91;land;true;mountain;6
7599;91;129;141;land;false;forest;2
7600;91;132;1;land;false;desert;6
7601;91;132;56;land;false;forest;6
7602;91;132;206;land;true;mountain;7
7603;91;135;21;land;false;hills;6
7604;91;135;171;land;false;mountain;7
7605;91;135;226;land;false;desert;5
7606;91;138;86;land;false;mountain;6
7607;91;138;136;land;false;hills;2
7608;91;138;191;land;false;plains;4
7609;91;141;51;land;false;hills;6
7610;91;141;156;land;false;plains;4
7611;91;141;201;land;false;plains;2
7612;91;144;16;land;false;plains;2
7613;91;144;166;land;false;forest;6
7614;91;144;221;land;true;jungle;4
7615;91;147;81;land;false;plains;2
7616;91;147;131;land;false;forest;6
7617;91;147;186;land;true;plains;3
7618;91;150;46;land;false;desert;6
7619;91;150;151;land;false;forest;6
7620;91;153;11;land;false;mountain;7
7621;91;153;66;land;true;plains;3
7622;91;153;216;land;true;plains;3
7623;91;156;31;land;false;desert;4
7624;91;156;76;land;true;hills;1
7625;91;156;181;land;false;plains;6
7626;91;159;41;land;false;plains;2
7627;91;159;96;land;true;jungle;4
7628;91;159;146;land;false;forest;2
7629;91;162;6;land;false;hills;2
7630;91;162;61;land;true;jungle;3
7631;91;162;211;land;false;hills;6
7632;91;165;26;land;true;hills;3
7633;91;165;176;land;false;mountain;6
7634;91;168;91;land;false;forest;6
7635;91;168;141;land;false;desert;6
7636;91;168;196;land;false;forest;3
7637;91;171;56;land;false;forest;6
7638;91;171;161;land;true;plains;3
7639;91;171;206;land;false;desert;6
7640;91;174;21;land;false;plains;2
7641;91;174;171;land;false;desert;6
7642;91;174;226;land;true;hills;6
7643;91;177;86;land;false;mountain;2
7644;91;177;136;land;true;forest;2
7645;91;177;191;land;false;forest;6
7646;91;180;51;land;false;mountain;2
7647;91;180;156;land;false;mountain;6
7648;91;183;16;land;false;plains;6
7649;91;183;71;land;false;plains;4
7650;91;183;221;land;false;forest;6
7651;91;186;36;land;false;forest;4
7652;91;186;81;land;false;plains;6
7653;91;186;186;land;false;forest;6
7654;91;189;1;land;true;mountain;6
7655;91;189;46;land;false;forest;6
7656;91;189;151;land;false;hills;6
7657;91;192;11;land;false;desert;6
7658;91;192;66;land;true;mountain;6
7659;91;192;216;land;false;desert;6
7660;91;195;31;land;true;plains;3
7661;91;195;181;land;true;urban;7
7662;91;198;96;land;false;plains;6
7663;91;198;146;land;false;hills;6
7664;91;198;201;land;false;mountain;4
7665;91;201;61;land;false;plains;6
7666;91;201;166;land;false;forest;4
7667;91;201;211;land;false;mountain;2
7668;91;204;26;land;true;forest;2
7669;91;204;131;land;true;forest;4
7670;91;204;176;land;false;plains;6
7671;91;207;91;land;false;desert;7
7672;91;207;141;land;false;plains;6
7673;91;207;196;land;true;jungle;6
7674;91;210;56;land;false;mountain;6
7675;91;210;161;land;false;mountain;6
7676;92;0;31;land;false;forest;6
7677;92;0;181;land;false;mountain;2
7678;92;0;240;sea;true;ocean;0
7679;92;2;248;sea;false;ocean;0
7680;92;3;96;land;false;hills;6
7681;92;3;146;land;false;plains;6
7682;92;3;201;land;false;desert;6
7683;92;6;61;land;true;forest;2
7684;92;6;166;land;false;mountain;2
7685;92;6;211;land;false;forest;6
7686;92;6;244;sea;false;ocean;0
7687;92;9;26;land;false;plains;6
7688;92;9;131;land;false;mountain;2
7689;92;9;176;land;false;marsh;6
7690;92;10;232;sea;false;ocean;0
7691;92;12;91;land;false;forest;6
7692;92;12;141;land;false;forest;4
7693;92;12;196;land;false;hills;6
7694;92;12;240;sea;false;ocean;0
7695;92;14;248;sea;false;ocean;0
7696;92;15;56;land;false;forest;2
7697;92;15;161;land;false;mountain;6
7698;92;15;236;sea;true;ocean;0
7699;92;16;244;sea;false;ocean;0
7700;92;17;232;sea;false;ocean;0
7701;92;18;21;land;false;forest;6
7702;92;18;76;land;false;desert;6
7703;92;18;226;land;false;hills;6
7704;92;19;240;sea;true;ocean;0
7705;92;20;248;sea;true;ocean;0
7706;92;21;41;land;false;desert;6
7707;92;21;86;land;false;forest;6
7708;92;21;191;land;false;forest;6
7709;92;21;236;sea;false;ocean;0
7710;92;23;244;sea;false;ocean;0
7711;92;24;6;land;false;desert;6
7712;92;24;51;land;false;forest;6
7713;92;24;156;land;false;forest;6
7714;92;24;232;sea;false;ocean;0
7715;92;25;240;sea;false;ocean;0
7716;92;27;16;land;false;jungle;5
7717;92;27;71;land;false;forest;6
7718;92;27;221;land;false;hills;2
7719;92;28;236;sea;false;ocean;0
7720;92;29;244;sea;false;ocean;0
7721;92;30;36;land;false;desert;2
7722;92;30;186;land;false;forest;6
7723;92;30;232;sea;false;ocean;0
7724;92;31;240;sea;true;ocean;0
7725;92;33;1;land;false;mountain;6
7726;92;33;151;land;false;forest;6
7727;92;33;206;land;false;hills;6
7728;92;33;248;sea;false;ocean;0
7729;92;34;236;sea;false;ocean;0
7730;92;35;244;sea;false;ocean;0
7731;92;36;66;land;false;forest;6
7732;92;36;171;land;false;hills;6
7733;92;36;216;land;false;plains;6
7734;92;37;232;sea;false;ocean;0
7735;92;38;240;sea;false;ocean;0
7736;92;39;31;land;false;hills;6
7737;92;39;136;land;false;mountain;6
7738;92;39;181;land;false;marsh;6
7739;92;39;248;sea;false;ocean;0
7740;92;40;236;sea;false;ocean;0
7741;92;42;96;land;false;plains;6
7742;92;42;146;land;true;mountain;4
7743;92;42;201;land;false;plains;6
7744;92;45;61;land;false;forest;6
7745;92;45;166;land;false;plains;2
7746;92;48;26;land;false;hills;6
7747;92;48;81;land;false;mountain;2
7748;92;48;131;land;false;mountain;6
7749;92;51;46;land;false;plains;6
7750;92;51;91;land;false;forest;6
7751;92;51;196;land;false;forest;6
7752;92;54;11;land;false;plains;6
7753;92;54;56;land;false;mountain;2
7754;92;54;161;land;false;forest;6
7755;92;57;21;land;false;plains;4
7756;92;57;76;land;false;desert;2
7757;92;57;226;land;false;plains;6
7758;92;60;41;land;true;forest;2
7759;92;60;191;land;false;mountain;6
7760;92;63;6;land;false;plains;2
7761;92;63;156;land;false;mountain;2
7762;92;63;211;land;false;plains;2
7763;92;66;71;land;false;plains;6
7764;92;66;176;land;false;mountain;2
7765;92;66;221;land;false;forest;6
7766;92;69;36;land;false;forest;2
7767;92;69;141;land;false;plains;6
7768;92;69;186;land;false;forest;6
7769;92;72;1;land;false;plains;6
7770;92;72;151;land;false;plains;5
7771;92;72;206;land;false;plains;2
7772;92;75;66;land;false;hills;6
7773;92;75;171;land;false;hills;6
7774;92;78;31;land;false;plains;6
7775;92;78;86;land;false;desert;6
7776;92;78;136;land;true;forest;2
7777;92;81;51;land;false;desert;6
7778;92;81;96;land;false;forest;6
7779;92;81;201;land;false;mountain;2
7780;92;84;16;land;false;plains;2
7781;92;84;61;land;false;forest;6
7782;92;84;166;land;false;forest;2
7783;92;87;26;land;true;forest;4
7784;92;87;81;land;false;desert;6
7785;92;87;131;land;false;forest;6
7786;92;90;46;land;false;forest;6
7787;92;90;196;land;false;plains;2
7788;92;93;11;land;true;forest;2
7789;92;93;161;land;false;plains;6
7790;92;93;216;land;false;desert;6
7791;92;96;76;land;false;mountain;2
7792;92;96;181;land;false;desert;6
7793;92;96;226;land;false;forest;6
7794;92;99;41;land;false;forest;2
7795;92;99;146;land;false;desert;6
7796;92;99;191;land;false;plains;6
7797;92;102;6;land;false;hills;2
7798;92;102;156;land;true;urban;4
7799;92;102;211;land;false;mountain;6
7800;92;105;71;land;false;plains;6
7801;92;105;176;land;false;plains;6
7802;92;108;36;land;false;forest;6
7803;92;108;91;land;false;desert;6
7804;92;108;141;land;false;hills;6
7805;92;111;1;land;false;forest;6
7806;92;111;56;land;false;desert;6
7807;92;111;206;land;true;forest;2
7808;92;114;21;land;false;desert;6
7809;92;114;66;land;false;marsh;6
7810;92;114;171;land;true;forest;2
7811;92;117;31;land;true;plains;4
7812;92;117;86;land;false;mountain;6
7813;92;117;136;land;true;plains;2
7814;92;120;51;land;false;mountain;2
7815;92;120;201;land;false;plains;6
7816;92;123;16;land;false;mountain;6
7817;92;123;166;land;false;forest;6
7818;92;123;221;land;false;mountain;2
7819;92;126;81;land;false;mountain;6
7820;92;126;131;land;false;mountain;2
7821;92;126;186;land;false;mountain;2
7822;92;129;46;land;false;forest;6
7823;92;129;151;land;false;plains;6
7824;92;129;196;land;false;mountain;6
7825;92;132;11;land;false;forest;6
7826;92;132;161;land;true;forest;4
7827;92;132;216;land;false;desert;2
7828;92;135;76;land;false;forest;6
7829;92;135;181;land;false;plains;2
7830;92;138;41;land;false;forest;2
7831;92;138;96;land;false;forest;2
7832;92;138;146;land;false;forest;6
7833;92;141;6;land;false;forest;6
7834;92;141;61;land;false;plains;2
7835;92;141;211;land;false;forest;6
7836;92;144;26;land;false;plains;2
7837;92;144;71;land;false;marsh;6
7838;92;144;176;land;false;plains;6
7839;92;147;36;land;true;mountain;4
7840;92;147;91;land;false;plains;2
7841;92;147;141;land;false;forest;6
7842;92;150;1;land;false;forest;5
7843;92;150;56;land;false;mountain;6
7844;92;150;206;land;false;forest;6
7845;92;153;21;land;false;mountain;2
7846;92;153;171;land;false;plains;6
7847;92;153;226;land;false;desert;6
7848;92;156;86;land;false;hills;6
7849;92;156;136;land;false;marsh;6
7850;92;156;191;land;false;mountain;6
7851;92;159;51;land;false;forest;6
7852;92;159;156;land;false;plains;2
7853;92;159;201;land;false;mountain;2
7854;92;162;16;land;false;hills;6
7855;92;162;166;land;true;forest;2
7856;92;162;221;land;false;desert;6
7857;92;163;14;land;false;hills;1
7858;92;165;81;land;false;forest;2
7859;92;165;131;land;false;mountain;4
7860;92;165;186;land;false;forest;6
7861;92;168;46;land;false;plains;6
7862;92;168;151;land;false;plains;2
7863;92;171;11;land;false;forest;6
7864;92;171;66;land;false;desert;6
7865;92;171;216;land;false;plains;2
7866;92;174;31;land;false;mountain;6
7867;92;174;76;land;false;marsh;6
7868;92;174;181;land;true;forest;6
7869;92;177;41;land;false;mountain;2
7870;92;177;96;land;false;mountain;6
7871;92;177;146;land;true;mountain;6
7872;92;180;6;land;false;forest;5
7873;92;180;61;land;false;mountain;6
7874;92;180;211;land;false;plains;6
7875;92;183;26;land;false;forest;2
7876;92;183;176;land;false;forest;6
7877;92;186;91;land;false;plains;2
7878;92;186;141;land;true;mountain;6
7879;92;186;196;land;false;desert;2
7880;92;189;56;land;false;forest;2
7881;92;189;161;land;false;mountain;6
7882;92;189;206;land;false;forest;6
7883;92;192;21;land;false;hills;2
7884;92;192;171;land;true;plains;2
7885;92;192;226;land;false;plains;6
7886;92;195;86;land;false;forest;6
7887;92;195;136;land;true;forest;4
7888;92;195;191;land;false;mountain;2
7889;92;198;51;land;false;forest;6
7890;92;198;156;land;false;hills;6
7891;92;201;16;land;false;mountain;2
7892;92;201;71;land;false;plains;2
7893;92;201;221;land;false;forest;2
7894;92;204;36;land;false;mountain;6
7895;92;204;81;land;false;forest;6
7896;92;204;186;land;false;forest;2
7897;92;207;1;land;false;plains;6
7898;92;207;46;land;false;forest;6
7899;92;207;151;land;true;forest;2
7900;92;210;11;land;false;hills;5
7901;92;210;66;land;false;marsh;2
7902;92;210;216;land;false;forest;6
7903;93;0;86;land;false;desert;6
7904;93;0;136;land;false;plains;2
7905;93;0;191;land;false;plains;6
7906;93;0;244;sea;true;ocean;0
7907;93;2;232;sea;false;ocean;0
7908;93;3;51;land;false;desert;5
7909;93;3;156;land;false;hills;6
7910;93;4;240;sea;true;ocean;0
7911;93;6;16;land;false;hills;6
7912;93;6;71;land;false;mountain;5
7913;93;6;221;land;false;plains;2
7914;93;6;248;sea;false;ocean;0
7915;93;9;36;land;false;mountain;3
7916;93;9;81;land;false;mountain;6
7917;93;9;186;land;true;mountain;7
7918;93;10;236;sea;true;ocean;0
7919;93;12;1;land;false;plains;5
7920;93;12;46;land;false;mountain;2
7921;93;12;151;land;false;mountain;2
7922;93;12;244;sea;false;ocean;0
7923;93;14;232;sea;false;ocean;0
7924;93;15;11;land;false;desert;6
7925;93;15;66;land;false;desert;5
7926;93;15;216;land;false;desert;6
7927;93;15;240;sea;false;ocean;0
7928;93;16;248;sea;false;ocean;0
7929;93;17;236;sea;false;ocean;0
7930;93;18;31;land;false;plains;5
7931;93;18;181;land;false;jungle;5
7932;93;19;244;sea;true;ocean;0
7933;93;20;232;sea;true;ocean;0
7934;93;21;96;land;false;mountain;7
7935;93;21;146;land;false;mountain;2
7936;93;21;201;land;true;mountain;3
7937;93;23;248;sea;false;ocean;0
7938;93;24;61;land;false;plains;6
7939;93;24;166;land;false;desert;5
7940;93;24;211;land;false;mountain;6
7941;93;24;236;sea;false;ocean;0
7942;93;25;244;sea;false;ocean;0
7943;93;27;26;land;false;desert;5
7944;93;27;131;land;false;mountain;5
7945;93;27;176;land;false;forest;2
7946;93;28;240;sea;false;ocean;0
7947;93;29;248;sea;false;ocean;0
7948;93;30;91;land;false;forest;6
7949;93;30;141;land;false;mountain;6
7950;93;30;196;land;false;plains;5
7951;93;30;236;sea;false;ocean;0
7952;93;31;244;sea;true;ocean;0
7953;93;33;56;land;false;desert;7
7954;93;33;161;land;false;plains;5
7955;93;33;232;sea;false;ocean;0
7956;93;34;240;sea;false;ocean;0
7957;93;35;248;sea;false;ocean;0
7958;93;36;21;land;false;desert;5
7959;93;36;76;land;true;jungle;5
7960;93;36;226;land;true;desert;7
7961;93;37;236;sea;false;ocean;0
7962;93;38;244;sea;false;ocean;0
7963;93;39;41;land;false;hills;5
7964;93;39;86;land;true;desert;2
7965;93;39;191;land;false;mountain;6
7966;93;39;232;sea;false;ocean;0
7967;93;40;240;sea;true;ocean;0
7968;93;42;6;land;true;desert;3
7969;93;42;51;land;false;mountain;7
7970;93;42;156;land;false;desert;7
7971;93;45;16;land;false;desert;6
7972;93;45;71;land;true;forest;5
7973;93;45;221;land;false;desert;2
7974;93;48;36;land;false;hills;6
7975;93;48;186;land;false;mountain;6
7976;93;51;1;land;false;mountain;6
7977;93;51;151;land;false;plains;7
7978;93;51;206;land;false;forest;5
7979;93;54;66;land;false;desert;5
7980;93;54;171;land;false;mountain;5
7981;93;54;216;land;false;plains;2
7982;93;57;31;land;true;mountain;7
7983;93;57;136;land;false;forest;5
7984;93;57;181;land;false;mountain;6
7985;93;60;96;land;false;mountain;7
7986;93;60;146;land;false;desert;2
7987;93;60;201;land;false;desert;5
7988;93;63;61;land;false;mountain;6
7989;93;63;166;land;false;desert;5
7990;93;66;26;land;false;mountain;7
7991;93;66;81;land;true;jungle;3
7992;93;66;131;land;true;desert;5
7993;93;69;46;land;false;mountain;3
7994;93;69;91;land;false;plains;7
7995;93;69;196;land;false;desert;7
7996;93;72;11;land;false;forest;5
7997;93;72;56;land;false;mountain;6
7998;93;72;161;land;false;desert;6
7999;93;75;21;land;false;mountain;2
8000;93;75;76;land;true;plains;5
8001;93;75;226;land;false;plains;7
8002;93;78;41;land;true;desert;7
8003;93;78;191;land;false;mountain;2
8004;93;81;6;land;false;desert;7
8005;93;81;156;land;false;mountain;6
8006;93;81;211;land;true;jungle;5
8007;93;84;71;land;false;plains;6
8008;93;84;176;land;false;forest;5
8009;93;84;221;land;false;desert;7
8010;93;87;36;land;false;mountain;6
8011;93;87;141;land;false;urban;6
8012;93;87;186;land;false;mountain;2
8013;93;90;1;land;false;mountain;7
8014;93;90;151;land;false;mountain;2
8015;93;90;206;land;false;plains;5
8016;93;93;66;land;false;jungle;5
8017;93;93;171;land;true;plains;3
8018;93;96;31;land;false;desert;6
8019;93;96;86;land;false;hills;5
8020;93;96;136;land;true;mountain;7
8021;93;99;51;land;false;forest;5
8022;93;99;96;land;false;plains;6
8023;93;99;201;land;false;hills;6
8024;93;102;16;land;false;plains;3
8025;93;102;61;land;false;plains;2
8026;93;102;166;land;false;plains;6
8027;93;105;26;land;false;mountain;6
8028;93;105;81;land;false;plains;5
8029;93;105;131;land;false;desert;6
8030;93;108;46;land;false;desert;7
8031;93;108;196;land;false;desert;7
8032;93;111;11;land;true;forest;2
8033;93;111;161;land;false;mountain;2
8034;93;111;216;land;true;jungle;5
8035;93;114;76;land;false;desert;5
8036;93;114;181;land;false;mountain;5
8037;93;114;226;land;false;desert;6
8038;93;117;41;land;true;desert;5
8039;93;117;146;land;false;forest;5
8040;93;117;191;land;false;mountain;7
8041;93;120;6;land;false;mountain;6
8042;93;120;156;land;false;desert;6
8043;93;120;211;land;true;desert;5
8044;93;123;71;land;false;mountain;6
8045;93;123;176;land;false;hills;6
8046;93;126;36;land;false;mountain;5
8047;93;126;91;land;true;jungle;3
8048;93;126;141;land;false;jungle;5
8049;93;129;1;land;false;mountain;6
8050;93;129;56;land;false;jungle;3
8051;93;129;206;land;true;desert;7
8052;93;132;21;land;false;plains;5
8053;93;132;66;land;false;desert;6
8054;93;132;171;land;false;forest;5
8055;93;135;31;land;false;desert;6
8056;93;135;86;land;true;mountain;3
8057;93;135;136;land;true;plains;2
8058;93;138;51;land;false;plains;5
8059;93;138;201;land;false;mountain;6
8060;93;141;16;land;false;desert;7
8061;93;141;166;land;false;desert;5
8062;93;141;221;land;false;hills;5
8063;93;144;81;land;false;plains;6
8064;93;144;131;land;false;plains;2
8065;93;144;186;land;false;forest;5
8066;93;147;46;land;false;mountain;6
8067;93;147;151;land;false;plains;6
8068;93;147;196;land;false;mountain;6
8069;93;150;11;land;false;desert;5
8070;93;150;161;land;false;mountain;2
8071;93;150;216;land;false;plains;5
8072;93;153;76;land;false;forest;6
8073;93;153;181;land;true;mountain;7
8074;93;156;41;land;false;desert;7
8075;93;156;96;land;false;jungle;3
8076;93;156;146;land;false;plains;6
8077;93;159;6;land;false;desert;5
8078;93;159;61;land;false;forest;5
8079;93;159;211;land;true;jungle;2
8080;93;162;26;land;false;plains;3
8081;93;162;71;land;false;desert;6
8082;93;162;176;land;false;hills;6
8083;93;165;36;land;false;hills;2
8084;93;165;91;land;false;plains;5
8085;93;165;141;land;true;desert;7
8086;93;168;1;land;false;desert;6
8087;93;168;56;land;false;urban;6
8088;93;168;206;land;false;desert;5
8089;93;171;21;land;false;mountain;2
8090;93;171;171;land;false;mountain;6
8091;93;171;226;land;false;jungle;6
8092;93;174;86;land;true;mountain;7
8093;93;174;136;land;false;desert;7
8094;93;174;191;land;false;desert;5
8095;93;177;51;land;false;forest;6
8096;93;177;156;land;false;forest;5
8097;93;177;201;land;false;desert;2
8098;93;180;16;land;false;mountain;6
8099;93;180;166;land;false;desert;6
8100;93;180;221;land;false;plains;6
8101;93;183;81;land;false;desert;7
8102;93;183;131;land;false;desert;6
8103;93;183;186;land;false;desert;5
8104;93;186;46;land;false;desert;6
8105;93;186;151;land;false;desert;5
8106;93;189;11;land;false;plains;6
8107;93;189;66;land;false;jungle;3
8108;93;189;216;land;true;desert;7
8109;93;192;31;land;false;plains;5
8110;93;192;76;land;false;forest;2
8111;93;192;181;land;true;desert;5
8112;93;195;41;land;false;mountain;6
8113;93;195;96;land;true;desert;3
8114;93;195;146;land;false;hills;6
8115;93;198;6;land;false;desert;2
8116;93;198;61;land;false;plains;5
8117;93;198;211;land;false;mountain;7
8118;93;201;26;land;false;desert;7
8119;93;201;176;land;true;desert;2
8120;93;204;91;land;false;forest;6
8121;93;204;141;land;false;desert;6
8122;93;204;196;land;false;jungle;5
8123;93;207;56;land;false;hills;7
8124;93;207;161;land;true;desert;5
8125;93;207;206;land;false;hills;7
8126;93;210;21;land;false;mountain;6
8127;93;210;171;land;false;desert;6
8128;93;210;226;land;false;desert;5
8129;94;0;41;land;false;plains;3
8130;94;0;146;land;true;plains;4
8131;94;0;248;sea;true;ocean;0
8132;94;2;236;sea;false;ocean;0
8133;94;3;6;land;false;plains;5
8134;94;3;211;land;false;desert;4
8135;94;4;244;sea;true;ocean;0
8136;94;6;176;land;false;plains;5
8137;94;6;232;sea;false;ocean;0
8138;94;9;141;land;false;hills;5
8139;94;10;240;sea;false;ocean;0
8140;94;12;206;land;false;plains;3
8141;94;12;248;sea;false;ocean;0
8142;94;14;236;sea;false;ocean;0
8143;94;15;21;land;true;forest;3
8144;94;15;171;land;false;forest;5
8145;94;15;244;sea;false;ocean;0
8146;94;16;232;sea;false;ocean;0
8147;94;17;240;sea;false;ocean;0
8148;94;18;86;land;false;hills;3
8149;94;18;136;land;false;jungle;3
8150;94;19;248;sea;true;ocean;0
8151;94;20;236;sea;true;ocean;0
8152;94;21;51;land;true;hills;4
8153;94;21;244;sea;false;ocean;0
8154;94;23;232;sea;false;ocean;0
8155;94;24;16;land;false;desert;4
8156;94;24;240;sea;false;ocean;0
8157;94;27;81;land;false;mountain;3
8158;94;28;244;sea;false;ocean;0
8159;94;29;232;sea;false;ocean;0
8160;94;30;46;land;false;jungle;3
8161;94;30;151;land;false;mountain;3
8162;94;30;240;sea;false;ocean;0
8163;94;31;248;sea;true;ocean;0
8164;94;33;11;land;true;plains;5
8165;94;33;216;land;false;hills;4
8166;94;33;236;sea;false;ocean;0
8167;94;34;244;sea;false;ocean;0
8168;94;35;232;sea;false;ocean;0
8169;94;36;181;land;false;forest;3
8170;94;37;240;sea;false;ocean;0
8171;94;38;248;sea;false;ocean;0
8172;94;39;146;land;false;jungle;3
8173;94;39;236;sea;false;ocean;0
8174;94;40;244;sea;false;ocean;0
8175;94;42;211;land;false;jungle;3
8176;94;45;26;land;false;desert;3
8177;94;45;176;land;false;mountain;3
8178;94;48;91;land;true;hills;5
8179;94;48;141;land;true;plains;3
8180;94;51;56;land;true;mountain;5
8181;94;54;21;land;true;mountain;3
8182;94;57;86;land;true;forest;5
8183;94;60;51;land;true;mountain;5
8184;94;60;156;land;false;plains;3
8185;94;63;16;land;false;jungle;3
8186;94;63;221;land;true;hills;4
8187;94;66;186;land;false;forest;3
8188;94;69;151;land;true;mountain;5
8189;94;72;216;land;false;marsh;3
8190;94;75;31;land;true;forest;3
8191;94;75;181;land;false;jungle;3
8192;94;78;96;land;false;mountain;3
8193;94;78;146;land;false;forest;5
8194;94;81;61;land;true;mountain;3
8195;94;84;26;land;false;mountain;3
8196;94;87;91;land;true;forest;3
8197;94;90;56;land;true;forest;3
8198;94;90;161;land;true;mountain;3
8199;94;93;21;land;true;mountain;3
8200;94;93;226;land;false;plains;4
8201;94;96;191;land;false;forest;5
8202;94;99;156;land;false;plains;5
8203;94;102;221;land;false;forest;3
8204;94;105;36;land;true;mountain;4
8205;94;105;186;land;false;mountain;5
8206;94;108;1;land;false;desert;4
8207;94;108;151;land;true;jungle;5
8208;94;111;66;land;false;plains;3
8209;94;114;31;land;true;forest;4
8210;94;117;96;land;false;forest;3
8211;94;120;61;land;false;forest;3
8212;94;120;166;land;true;mountain;4
8213;94;123;26;land;false;jungle;3
8214;94;123;131;land;false;plains;5
8215;94;126;196;land;false;desert;3
8216;94;129;161;land;false;mountain;3
8217;94;132;226;land;true;desert;3
8218;94;135;41;land;true;mountain;3
8219;94;135;191;land;true;forest;5
8220;94;138;6;land;true;hills;4
8221;94;138;156;land;false;jungle;6
8222;94;141;71;land;true;forest;3
8223;94;144;36;land;false;plains;5
8224;94;147;1;land;false;plains;3
8225;94;150;66;land;false;mountain;3
8226;94;150;171;land;false;mountain;3
8227;94;153;31;land;false;hills;3
8228;94;153;136;land;true;forest;4
8229;94;156;201;land;false;mountain;3
8230;94;159;166;land;false;plains;4
8231;94;162;131;land;false;mountain;3
8232;94;165;46;land;false;mountain;4
8233;94;165;196;land;false;plains;3
8234;94;168;11;land;false;plains;4
8235;94;168;161;land;false;mountain;4
8236;94;171;51;land;true;forest;2
8237;94;171;76;land;false;desert;4
8238;94;174;41;land;false;forest;3
8239;94;177;6;land;false;hills;3
8240;94;180;71;land;false;forest;3
8241;94;180;176;land;true;plains;4
8242;94;183;36;land;false;plains;3
8243;94;183;141;land;true;forest;4
8244;94;186;1;land;true;jungle;5
8245;94;186;206;land;true;plains;5
8246;94;189;171;land;true;hills;5
8247;94;192;136;land;true;forest;4
8248;94;195;201;land;true;hills;5
8249;94;198;16;land;false;plains;4
8250;94;198;166;land;false;mountain;4
8251;94;201;81;land;false;mountain;3
8252;94;201;131;land;true;forest;3
8253;94;204;46;land;false;mountain;3
8254;94;207;11;land;false;jungle;3
8255;94;210;76;land;false;forest;3
8256;95;0;232;sea;true;ocean;0
8257;95;2;240;sea;false;ocean;0
8258;95;4;248;sea;false;ocean;0
8259;95;6;236;sea;false;ocean;0
8260;95;10;244;sea;false;ocean;0
8261;95;12;232;sea;true;ocean;0
8262;95;14;240;sea;true;ocean;0
8263;95;15;248;sea;false;ocean;0
8264;95;16;236;sea;false;ocean;0
8265;95;17;244;sea;false;ocean;0
8266;95;19;232;sea;false;ocean;0
8267;95;20;240;sea;false;ocean;0
8268;95;21;248;sea;false;ocean;0
8269;95;23;236;sea;false;ocean;0
8270;95;24;244;sea;false;ocean;0
8271;95;28;248;sea;false;ocean;0
8272;95;29;236;sea;false;ocean;0
8273;95;30;244;sea;false;ocean;0
8274;95;31;232;sea;false;ocean;0
8275;95;33;240;sea;false;ocean;0
8276;95;34;248;sea;false;ocean;0
8277;95;35;236;sea;false;ocean;0
8278;95;37;244;sea;false;ocean;0
8279;95;38;232;sea;false;ocean;0
8280;95;39;240;sea;false;ocean;0
8281;95;40;248;sea;false;ocean;0
8282;96;0;236;sea;true;ocean;0
8283;96;2;244;sea;false;ocean;0
8284;96;4;232;sea;true;ocean;0
8285;96;6;240;sea;false;ocean;0
8286;96;10;248;sea;false;ocean;0
8287;96;12;236;sea;true;ocean;0
8288;96;14;244;sea;true;ocean;0
8289;96;15;232;sea;true;ocean;0
8290;96;16;240;sea;true;ocean;0
8291;96;17;248;sea;false;ocean;0
8292;96;19;236;sea;false;ocean;0
8293;96;20;244;sea;false;ocean;0
8294;96;21;232;sea;false;ocean;0
8295;96;23;240;sea;false;ocean;0
8296;96;24;248;sea;false;ocean;0
8297;96;28;232;sea;false;ocean;0
8298;96;29;240;sea;false;ocean;0
8299;96;30;248;sea;false;ocean;0
8300;96;31;236;sea;true;ocean;0
8301;96;33;244;sea;false;ocean;0
8302;96;34;232;sea;false;ocean;0
8303;96;35;240;sea;false;ocean;0
8304;96;37;248;sea;true;ocean;0
8305;96;38;236;sea;false;ocean;0
8306;96;39;244;sea;false;ocean;0
8307;96;40;232;sea;false;ocean;0
8308;97;0;240;sea;true;ocean;0
8309;97;2;248;sea;false;ocean;0
8310;97;4;236;sea;false;ocean;0
8311;97;6;244;sea;false;ocean;0
8312;97;10;232;sea;false;ocean;0
8313;97;12;240;sea;true;ocean;0
8314;97;14;248;sea;true;ocean;0
8315;97;15;236;sea;false;ocean;0
8316;97;16;244;sea;false;ocean;0
8317;97;18;232;sea;false;ocean;0
8318;97;19;240;sea;true;ocean;0
8319;97;20;248;sea;false;ocean;0
8320;97;21;236;sea;false;ocean;0
8321;97;23;244;sea;false;ocean;0
8322;97;24;232;sea;false;ocean;0
8323;97;28;236;sea;false;ocean;0
8324;97;29;244;sea;false;ocean;0
8325;97;30;232;sea;false;ocean;0
8326;97;31;240;sea;true;ocean;0
8327;97;33;248;sea;false;ocean;0
8328;97;34;236;sea;false;ocean;0
8329;97;35;244;sea;false;ocean;0
8330;97;37;232;sea;false;ocean;0
8331;97;38;240;sea;true;ocean;0
8332;97;39;248;sea;false;ocean;0
8333;97;40;236;sea;false;ocean;0
8334;98;0;244;sea;true;ocean;0
8335;98;2;232;sea;false;ocean;0
8336;98;4;240;sea;false;ocean;0
8337;98;6;248;sea;false;ocean;0
8338;98;10;236;sea;false;ocean;0
8339;98;12;244;sea;false;ocean;0
8340;98;14;232;sea;true;ocean;0
8341;98;15;240;sea;false;ocean;0
8342;98;16;248;sea;false;ocean;0
8343;98;19;244;sea;true;ocean;0
8344;98;20;232;sea;false;ocean;0
8345;98;21;240;sea;false;ocean;0
8346;98;23;248;sea;false;ocean;0
8347;98;24;236;sea;false;ocean;0
8348;98;25;244;sea;false;ocean;0
8349;98;28;240;sea;false;ocean;0
8350;98;29;248;sea;false;ocean;0
8351;98;30;236;sea;false;ocean;0
8352;98;31;244;sea;true;ocean;0
8353;98;33;232;sea;false;ocean;0
8354;98;34;240;sea;false;ocean;0
8355;98;35;248;sea;false;ocean;0
8356;98;37;236;sea;false;ocean;0
8357;98;38;244;sea;true;ocean;0
8358;98;39;232;sea;false;ocean;0
8359;98;40;240;sea;false;ocean;0
8360;98;98;98;land;true;mountain;6
8361;99;0;248;sea;false;ocean;0
8362;99;2;236;sea;false;ocean;0
8363;99;4;244;sea;true;ocean;0
8364;99;8;232;sea;false;ocean;0
8365;99;10;240;sea;false;ocean;0
8366;99;12;248;sea;false;ocean;0
8367;99;14;236;sea;true;ocean;0
8368;99;15;244;sea;false;ocean;0
8369;99;16;232;sea;false;ocean;0
8370;181;107;119;sea;true;ocean;0
8371;99;19;248;sea;true;ocean;0
8372;99;20;236;sea;false;ocean;0
8373;99;21;244;sea;false;ocean;0
8374;99;23;232;sea;false;ocean;0
8375;99;24;240;sea;false;ocean;0
8376;99;28;244;sea;false;ocean;0
8377;99;29;232;sea;false;ocean;0
8378;99;30;240;sea;false;ocean;0
8379;99;31;248;sea;true;ocean;0
8380;99;33;236;sea;false;ocean;0
8381;99;34;244;sea;false;ocean;0
8382;99;35;232;sea;false;ocean;0
8383;99;37;240;sea;true;ocean;0
8384;99;38;248;sea;true;ocean;0
8385;99;39;236;sea;false;ocean;0
8386;99;40;244;sea;false;ocean;0
8387;100;0;232;sea;false;ocean;0
8388;100;2;240;sea;true;ocean;0
8389;100;4;248;sea;true;ocean;0
8390;100;8;236;sea;false;ocean;0
8391;100;10;244;sea;false;ocean;0
8392;100;12;232;sea;false;ocean;0
8393;100;14;240;sea;true;ocean;0
8394;100;15;248;sea;false;ocean;0
8395;100;16;236;sea;false;ocean;0
8396;100;19;232;sea;true;ocean;0
8397;100;20;240;sea;false;ocean;0
8398;100;21;248;sea;false;ocean;0
8399;100;23;236;sea;false;ocean;0
8400;100;24;244;sea;false;ocean;0
8401;100;28;248;sea;false;ocean;0
8402;100;29;236;sea;false;ocean;0
8403;100;30;244;sea;false;ocean;0
8404;100;32;232;sea;false;ocean;0
8405;100;33;240;sea;false;ocean;0
8406;100;34;248;sea;false;ocean;0
8407;100;35;232;sea;false;ocean;0
8408;100;35;236;sea;false;ocean;0
8409;100;37;244;sea;true;ocean;0
8410;100;38;232;sea;true;ocean;0
8411;100;39;240;sea;false;ocean;0
8412;100;40;248;sea;true;ocean;0
8413;101;0;236;sea;true;ocean;0
8414;101;2;244;sea;false;ocean;0
8415;101;4;232;sea;false;ocean;0
8416;101;8;240;sea;false;ocean;0
8417;101;12;236;sea;false;ocean;0
8418;101;14;244;sea;true;ocean;0
8419;101;15;232;sea;true;ocean;0
8420;101;16;240;sea;false;ocean;0
8421;101;19;236;sea;true;ocean;0
8422;101;20;244;sea;false;ocean;0
8423;101;21;232;sea;false;ocean;0
8424;101;23;240;sea;false;ocean;0
8425;101;24;248;sea;false;ocean;0
8426;101;28;232;sea;false;ocean;0
8427;101;29;240;sea;true;ocean;0
8428;101;32;236;sea;false;ocean;0
8429;101;33;244;sea;false;ocean;0
8430;101;34;232;sea;false;ocean;0
8431;101;35;240;sea;false;ocean;0
8432;101;37;248;sea;true;ocean;0
8433;101;38;236;sea;false;ocean;0
8434;101;39;244;sea;false;ocean;0
8435;101;198;199;land;true;plains;7
8436;102;0;240;sea;true;ocean;0
8437;102;2;248;sea;false;ocean;0
8438;102;4;236;sea;false;ocean;0
8439;102;8;244;sea;false;ocean;0
8440;102;10;232;sea;false;ocean;0
8441;102;12;240;sea;false;ocean;0
8442;102;14;248;sea;false;ocean;0
8443;102;15;236;sea;false;ocean;0
8444;102;16;244;sea;false;ocean;0
8445;102;19;240;sea;true;ocean;0
8446;102;20;248;sea;false;ocean;0
8447;102;21;236;sea;false;ocean;0
8448;102;23;244;sea;false;ocean;0
8449;102;24;232;sea;false;ocean;0
8450;102;25;240;sea;false;ocean;0
8451;102;28;236;sea;false;ocean;0
8452;102;29;244;sea;true;ocean;0
8453;102;30;232;sea;true;ocean;0
8454;102;32;240;sea;false;ocean;0
8455;102;33;248;sea;false;ocean;0
8456;102;34;236;sea;false;ocean;0
8457;102;35;244;sea;false;ocean;0
8458;102;37;232;sea;true;ocean;0
8459;102;38;240;sea;false;ocean;0
8460;102;39;248;sea;false;ocean;0
8461;102;102;102;land;true;marsh;6
8462;102;184;149;sea;false;ocean;0
8463;103;0;244;sea;false;ocean;0
8464;103;2;232;sea;false;ocean;0
8465;103;4;240;sea;true;ocean;0
8466;103;8;248;sea;false;ocean;0
8467;103;10;236;sea;false;ocean;0
8468;103;12;244;sea;false;ocean;0
8469;103;14;232;sea;false;ocean;0
8470;103;15;240;sea;false;ocean;0
8471;103;16;248;sea;false;ocean;0
8472;103;19;244;sea;true;ocean;0
8473;103;20;232;sea;false;ocean;0
8474;103;21;240;sea;false;ocean;0
8475;103;23;248;sea;false;ocean;0
8476;103;24;236;sea;false;ocean;0
8477;103;25;244;sea;false;ocean;0
8478;103;26;232;sea;false;ocean;0
8479;103;28;240;sea;false;ocean;0
8480;103;29;248;sea;true;ocean;0
8481;103;30;236;sea;false;ocean;0
8482;103;32;244;sea;false;ocean;0
8483;103;33;232;sea;false;ocean;0
8484;103;34;240;sea;false;ocean;0
8485;103;35;248;sea;false;ocean;0
8486;103;37;236;sea;true;ocean;0
8487;103;38;244;sea;false;ocean;0
8488;103;39;232;sea;false;ocean;0
8489;103;40;236;sea;false;ocean;0
8490;104;0;248;sea;true;ocean;0
8491;104;2;236;sea;false;ocean;0
8492;104;4;244;sea;true;ocean;0
8493;104;8;232;sea;false;ocean;0
8494;104;10;240;sea;false;ocean;0
8495;104;12;248;sea;false;ocean;0
8496;104;14;236;sea;false;ocean;0
8497;104;15;244;sea;true;ocean;0
8498;104;16;232;sea;false;ocean;0
8499;104;19;248;sea;true;ocean;0
8500;104;20;236;sea;false;ocean;0
8501;104;21;244;sea;false;ocean;0
8502;104;23;232;sea;false;ocean;0
8503;104;24;240;sea;false;ocean;0
8504;104;25;248;sea;false;ocean;0
8505;104;26;236;sea;false;ocean;0
8506;104;28;244;sea;false;ocean;0
8507;104;29;232;sea;true;ocean;0
8508;104;30;240;sea;false;ocean;0
8509;104;32;248;sea;true;ocean;0
8510;104;33;236;sea;false;ocean;0
8511;104;34;244;sea;false;ocean;0
8512;104;35;232;sea;false;ocean;0
8513;104;37;240;sea;true;ocean;0
8514;104;38;248;sea;false;ocean;0
8515;104;39;236;sea;false;ocean;0
8516;104;40;240;sea;false;ocean;0
8517;105;0;232;sea;true;ocean;0
8518;105;4;248;sea;true;ocean;0
8519;105;8;236;sea;false;ocean;0
8520;105;10;244;sea;false;ocean;0
8521;105;12;232;sea;false;ocean;0
8522;105;14;240;sea;false;ocean;0
8523;105;15;248;sea;false;ocean;0
8524;105;16;236;sea;false;ocean;0
8525;105;19;232;sea;true;ocean;0
8526;105;20;240;sea;false;ocean;0
8527;105;21;248;sea;false;ocean;0
8528;105;23;236;sea;false;ocean;0
8529;105;24;244;sea;true;ocean;0
8530;105;25;232;sea;false;ocean;0
8531;105;26;240;sea;false;ocean;0
8532;105;28;248;sea;false;ocean;0
8533;105;30;244;sea;false;ocean;0
8534;105;32;232;sea;true;ocean;0
8535;105;33;240;sea;false;ocean;0
8536;105;34;248;sea;false;ocean;0
8537;105;35;236;sea;false;ocean;0
8538;105;37;244;sea;true;ocean;0
8539;105;38;232;sea;false;ocean;0
8540;105;39;240;sea;false;ocean;0
8541;105;40;244;sea;false;ocean;0
8542;106;0;236;sea;false;ocean;0
8543;106;6;232;sea;true;ocean;0
8544;106;8;240;sea;false;ocean;0
8545;106;10;248;sea;false;ocean;0
8546;106;14;244;sea;true;ocean;0
8547;106;15;232;sea;false;ocean;0
8548;106;19;236;sea;false;ocean;0
8549;106;20;244;sea;false;ocean;0
8550;106;21;232;sea;false;ocean;0
8551;106;23;240;sea;false;ocean;0
8552;106;24;248;sea;false;ocean;0
8553;106;26;244;sea;false;ocean;0
8554;106;28;232;sea;false;ocean;0
8555;106;29;240;sea;false;ocean;0
8556;106;30;248;sea;false;ocean;0
8557;106;32;236;sea;true;ocean;0
8558;106;33;244;sea;false;ocean;0
8559;106;34;232;sea;false;ocean;0
8560;106;35;240;sea;false;ocean;0
8561;106;37;248;sea;true;ocean;0
8562;106;38;236;sea;false;ocean;0
8563;106;39;244;sea;false;ocean;0
8564;106;40;248;sea;false;ocean;0
8565;107;0;240;sea;false;ocean;0
8566;107;6;236;sea;true;ocean;0
8567;107;8;244;sea;false;ocean;0
8568;107;10;232;sea;true;ocean;0
8569;107;14;248;sea;false;ocean;0
8570;107;15;236;sea;true;ocean;0
8571;107;16;244;sea;false;ocean;0
8572;107;19;240;sea;true;ocean;0
8573;107;20;248;sea;false;ocean;0
8574;107;21;236;sea;false;ocean;0
8575;107;23;244;sea;false;ocean;0
8576;107;26;248;sea;false;ocean;0
8577;107;28;236;sea;false;ocean;0
8578;107;29;244;sea;false;ocean;0
8579;107;30;232;sea;false;ocean;0
8580;107;32;240;sea;false;ocean;0
8581;107;33;248;sea;false;ocean;0
8582;107;34;236;sea;false;ocean;0
8583;107;35;244;sea;false;ocean;0
8584;107;37;232;sea;false;ocean;0
8585;107;38;240;sea;false;ocean;0
8586;107;39;248;sea;false;ocean;0
8587;107;40;232;sea;false;ocean;0
8588;108;0;244;sea;false;ocean;0
8589;108;6;240;sea;true;ocean;0
8590;108;8;248;sea;false;ocean;0
8591;108;10;236;sea;false;ocean;0
8592;108;14;232;sea;true;ocean;0
8593;108;15;240;sea;false;ocean;0
8594;108;16;248;sea;false;ocean;0
8595;108;19;244;sea;true;ocean;0
8596;108;20;232;sea;false;ocean;0
8597;108;21;240;sea;false;ocean;0
8598;108;23;248;sea;false;ocean;0
8599;108;24;236;sea;false;ocean;0
8600;108;27;232;sea;false;ocean;0
8601;108;28;240;sea;false;ocean;0
8602;108;29;248;sea;false;ocean;0
8603;108;30;236;sea;false;ocean;0
8604;108;32;244;sea;false;ocean;0
8605;108;33;232;sea;false;ocean;0
8606;108;34;240;sea;false;ocean;0
8607;108;35;248;sea;false;ocean;0
8608;108;37;236;sea;true;ocean;0
8609;108;38;244;sea;false;ocean;0
8610;108;39;232;sea;false;ocean;0
8611;108;40;236;sea;false;ocean;0
8612;109;0;248;sea;false;ocean;0
8613;109;2;236;sea;false;ocean;0
8614;109;6;244;sea;true;ocean;0
8615;109;8;232;sea;false;ocean;0
8616;109;10;240;sea;false;ocean;0
8617;109;12;248;sea;false;ocean;0
8618;109;14;236;sea;true;ocean;0
8619;109;15;244;sea;false;ocean;0
8620;109;16;232;sea;false;ocean;0
8621;109;16;244;sea;true;ocean;0
8622;109;17;244;lake;false;lakes;0
8623;109;19;248;sea;false;ocean;0
8624;109;20;236;sea;false;ocean;0
8625;109;21;244;sea;false;ocean;0
8626;109;23;232;sea;false;ocean;0
8627;109;24;240;sea;false;ocean;0
8628;109;27;236;sea;false;ocean;0
8629;109;28;244;sea;false;ocean;0
8630;109;29;232;sea;false;ocean;0
8631;109;30;240;sea;false;ocean;0
8632;109;32;248;sea;false;ocean;0
8633;109;33;236;sea;false;ocean;0
8634;109;34;244;sea;true;ocean;0
8635;109;35;232;sea;false;ocean;0
8636;109;37;240;sea;false;ocean;0
8637;109;38;248;sea;false;ocean;0
8638;109;39;236;sea;false;ocean;0
8639;109;40;240;sea;true;ocean;0
8640;110;0;232;sea;false;ocean;0
8641;110;2;240;sea;false;ocean;0
8642;110;6;248;sea;true;ocean;0
8643;110;8;236;sea;false;ocean;0
8644;110;10;244;sea;false;ocean;0
8645;110;12;232;sea;false;ocean;0
8646;110;14;240;sea;false;ocean;0
8647;110;15;248;sea;false;ocean;0
8648;110;18;244;sea;false;ocean;0
8649;110;19;232;sea;false;ocean;0
8650;110;20;240;sea;false;ocean;0
8651;110;21;248;sea;false;ocean;0
8652;110;23;236;sea;false;ocean;0
8653;1;105;246;lake;false;lakes;0
8654;110;27;240;sea;false;ocean;0
8655;110;28;248;sea;false;ocean;0
8656;110;29;236;sea;false;ocean;0
8657;110;30;244;sea;false;ocean;0
8658;110;32;232;sea;false;ocean;0
8659;110;33;240;sea;false;ocean;0
8660;110;34;248;sea;true;ocean;0
8661;110;35;236;sea;false;ocean;0
8662;110;37;244;sea;true;ocean;0
8663;110;38;232;sea;false;ocean;0
8664;110;39;240;sea;false;ocean;0
8665;110;40;244;sea;true;ocean;0
8666;111;0;236;sea;false;ocean;0
8667;111;2;244;sea;false;ocean;0
8668;111;6;232;sea;true;ocean;0
8669;111;8;240;sea;false;ocean;0
8670;111;10;248;sea;true;ocean;0
8671;111;12;236;sea;false;ocean;0
8672;111;14;244;sea;false;ocean;0
8673;111;15;232;sea;true;ocean;0
8674;111;16;240;sea;false;ocean;0
8675;111;18;248;sea;false;ocean;0
8676;111;19;236;sea;true;ocean;0
8677;111;20;244;sea;false;ocean;0
8678;111;21;232;sea;false;ocean;0
8679;111;23;240;sea;false;ocean;0
8680;111;27;244;sea;false;ocean;0
8681;111;28;232;sea;false;ocean;0
8682;111;29;240;sea;false;ocean;0
8683;111;30;248;sea;false;ocean;0
8684;111;32;236;sea;false;ocean;0
8685;111;33;244;sea;false;ocean;0
8686;111;34;232;sea;false;ocean;0
8687;111;35;240;sea;false;ocean;0
8688;111;37;248;sea;true;ocean;0
8689;111;38;236;sea;false;ocean;0
8690;111;39;244;sea;false;ocean;0
8691;111;40;248;sea;true;ocean;0
8692;112;0;240;sea;false;ocean;0
8693;112;2;248;sea;false;ocean;0
8694;112;6;236;sea;true;ocean;0
8695;112;8;244;sea;true;ocean;0
8696;112;10;232;sea;true;ocean;0
8697;112;12;240;sea;false;ocean;0
8698;112;14;248;sea;true;ocean;0
8699;112;15;236;sea;true;ocean;0
8700;112;16;244;sea;false;ocean;0
8701;112;19;240;sea;true;ocean;0
8702;112;20;248;sea;false;ocean;0
8703;112;21;236;sea;false;ocean;0
8704;112;23;244;sea;false;ocean;0
8705;112;27;248;sea;false;ocean;0
8706;112;28;236;sea;true;ocean;0
8707;112;29;244;sea;true;ocean;0
8708;112;30;232;sea;false;ocean;0
8709;112;32;240;sea;false;ocean;0
8710;112;33;248;sea;false;ocean;0
8711;112;34;236;sea;false;ocean;0
8712;112;35;244;sea;false;ocean;0
8713;112;37;232;sea;true;ocean;0
8714;112;38;240;sea;false;ocean;0
8715;112;39;248;sea;false;ocean;0
8716;112;40;232;sea;true;ocean;0
8717;113;0;244;sea;false;ocean;0
8718;113;4;232;sea;false;ocean;0
8719;113;6;244;sea;false;ocean;0
8720;113;8;248;sea;false;ocean;0
8721;113;10;236;sea;false;ocean;0
8722;113;12;244;sea;false;ocean;0
8723;113;14;232;sea;false;ocean;0
8724;113;15;240;sea;false;ocean;0
8725;113;16;248;sea;false;ocean;0
8726;113;18;236;sea;false;ocean;0
8727;113;19;244;sea;true;ocean;0
8728;113;20;232;sea;false;ocean;0
8729;113;21;240;sea;false;ocean;0
8730;113;23;248;sea;false;ocean;0
8731;113;27;232;sea;false;ocean;0
8732;113;28;240;sea;false;ocean;0
8733;113;29;248;sea;true;ocean;0
8734;113;30;236;sea;false;ocean;0
8735;113;32;244;sea;false;ocean;0
8736;113;33;232;sea;false;ocean;0
8737;113;34;240;sea;false;ocean;0
8738;113;35;248;sea;false;ocean;0
8739;113;37;236;sea;true;ocean;0
8740;113;38;244;sea;false;ocean;0
8741;113;39;232;sea;false;ocean;0
8742;113;40;236;sea;true;ocean;0
8743;114;0;248;sea;false;ocean;0
8744;114;4;236;sea;false;ocean;0
8745;114;6;244;sea;true;ocean;0
8746;114;8;232;sea;false;ocean;0
8747;114;10;240;sea;false;ocean;0
8748;114;12;248;sea;false;ocean;0
8749;114;14;236;sea;true;ocean;0
8750;114;15;244;sea;true;ocean;0
8751;114;19;248;sea;true;ocean;0
8752;114;20;236;sea;false;ocean;0
8753;114;21;244;sea;false;ocean;0
8754;114;23;232;sea;false;ocean;0
8755;114;27;236;sea;false;ocean;0
8756;114;28;244;sea;true;ocean;0
8757;114;29;232;sea;true;ocean;0
8758;114;30;240;sea;false;ocean;0
8759;114;32;248;sea;false;ocean;0
8760;114;33;236;sea;true;ocean;0
8761;114;34;244;sea;false;ocean;0
8762;114;35;232;sea;false;ocean;0
8763;114;37;240;sea;false;ocean;0
8764;114;38;248;sea;false;ocean;0
8765;114;39;236;sea;false;ocean;0
8766;114;40;240;sea;true;ocean;0
8767;115;0;232;sea;false;ocean;0
8768;115;6;248;sea;true;ocean;0
8769;115;8;236;sea;false;ocean;0
8770;115;10;244;sea;false;ocean;0
8771;115;12;232;sea;false;ocean;0
8772;115;14;240;sea;true;ocean;0
8773;115;15;248;sea;true;ocean;0
8774;115;19;232;sea;true;ocean;0
8775;115;20;240;sea;false;ocean;0
8776;115;21;248;sea;false;ocean;0
8777;115;23;236;sea;false;ocean;0
8778;115;27;240;sea;false;ocean;0
8779;115;28;248;sea;false;ocean;0
8780;115;29;236;sea;true;ocean;0
8781;115;30;244;sea;false;ocean;0
8782;115;32;232;sea;false;ocean;0
8783;115;34;248;sea;false;ocean;0
8784;115;35;236;sea;false;ocean;0
8785;115;37;244;sea;false;ocean;0
8786;115;38;232;sea;false;ocean;0
8787;115;39;240;sea;false;ocean;0
8788;115;40;244;sea;true;ocean;0
8789;116;0;236;sea;false;ocean;0
8790;116;8;240;sea;false;ocean;0
8791;116;10;248;sea;true;ocean;0
8792;116;12;236;sea;false;ocean;0
8793;116;14;244;sea;true;ocean;0
8794;116;15;232;sea;false;ocean;0
8795;116;16;240;sea;false;ocean;0
8796;116;18;248;sea;true;ocean;0
8797;116;19;236;sea;true;ocean;0
8798;116;20;244;sea;false;ocean;0
8799;116;22;232;sea;false;ocean;0
8800;116;23;240;sea;false;ocean;0
8801;116;27;244;sea;false;ocean;0
8802;116;28;232;sea;false;ocean;0
8803;116;29;240;sea;true;ocean;0
8804;116;30;248;sea;false;ocean;0
8805;116;32;236;sea;true;ocean;0
8806;116;33;244;sea;false;ocean;0
8807;116;34;232;sea;false;ocean;0
8808;116;35;240;sea;false;ocean;0
8809;116;37;248;sea;false;ocean;0
8810;116;38;236;sea;false;ocean;0
8811;116;39;244;sea;false;ocean;0
8812;116;40;248;sea;true;ocean;0
8813;117;0;240;sea;false;ocean;0
8814;117;4;248;sea;true;ocean;0
8815;117;6;236;sea;true;ocean;0
8816;117;8;244;sea;true;ocean;0
8817;117;10;232;sea;false;ocean;0
8818;117;12;240;sea;false;ocean;0
8819;117;14;248;sea;true;ocean;0
8820;117;15;236;sea;false;ocean;0
8821;117;16;244;sea;false;ocean;0
8822;117;19;240;sea;true;ocean;0
8823;117;20;248;sea;false;ocean;0
8824;117;22;236;sea;false;ocean;0
8825;117;23;244;sea;false;ocean;0
8826;117;25;240;sea;false;ocean;0
8827;117;27;248;sea;false;ocean;0
8828;117;28;236;sea;false;ocean;0
8829;117;29;244;sea;false;ocean;0
8830;117;30;232;sea;false;ocean;0
8831;117;32;240;sea;false;ocean;0
8832;117;33;248;sea;false;ocean;0
8833;117;34;236;sea;false;ocean;0
8834;117;35;244;sea;false;ocean;0
8835;117;37;232;sea;false;ocean;0
8836;117;38;240;sea;false;ocean;0
8837;117;39;248;sea;false;ocean;0
8838;117;40;232;sea;false;ocean;0
8839;118;0;244;sea;false;ocean;0
8840;118;2;247;sea;false;ocean;0
8841;118;6;240;sea;false;ocean;0
8842;118;8;248;sea;false;ocean;0
8843;118;10;236;sea;false;ocean;0
8844;118;12;244;sea;false;ocean;0
8845;118;14;232;sea;true;ocean;0
8846;118;15;240;sea;false;ocean;0
8847;118;16;248;sea;false;ocean;0
8848;118;19;244;sea;false;ocean;0
8849;118;20;232;sea;false;ocean;0
8850;118;22;240;sea;false;ocean;0
8851;118;23;248;sea;false;ocean;0
8852;118;25;244;sea;false;ocean;0
8853;118;27;232;sea;false;ocean;0
8854;118;28;240;sea;false;ocean;0
8855;118;29;248;sea;false;ocean;0
8856;118;30;236;sea;false;ocean;0
8857;118;32;244;sea;true;ocean;0
8858;118;33;232;sea;false;ocean;0
8859;118;34;240;sea;false;ocean;0
8860;118;35;248;sea;false;ocean;0
8861;118;37;236;sea;false;ocean;0
8862;118;38;244;sea;false;ocean;0
8863;118;39;232;sea;false;ocean;0
8864;118;40;236;sea;false;ocean;0
8865;119;0;248;sea;false;ocean;0
8866;119;4;236;sea;true;ocean;0
8867;119;6;244;sea;false;ocean;0
8868;119;8;232;sea;false;ocean;0
8869;119;10;240;sea;false;ocean;0
8870;119;12;248;sea;false;ocean;0
8871;119;14;236;sea;true;ocean;0
8872;119;15;244;sea;true;ocean;0
8873;119;16;232;sea;false;ocean;0
8874;119;19;248;sea;false;ocean;0
8875;119;20;236;sea;false;ocean;0
8876;119;22;244;sea;false;ocean;0
8877;119;23;232;sea;false;ocean;0
8878;119;27;236;sea;false;ocean;0
8879;119;28;244;sea;false;ocean;0
8880;119;29;232;sea;false;ocean;0
8881;119;30;240;sea;false;ocean;0
8882;119;32;248;sea;true;ocean;0
8883;119;33;236;sea;false;ocean;0
8884;119;34;244;sea;false;ocean;0
8885;119;36;232;sea;false;ocean;0
8886;119;37;240;sea;false;ocean;0
8887;119;38;248;sea;false;ocean;0
8888;119;39;236;sea;false;ocean;0
8889;119;40;240;sea;true;ocean;0
8890;120;2;232;sea;false;ocean;0
8891;120;6;248;sea;false;ocean;0
8892;120;8;236;sea;false;ocean;0
8893;120;10;244;sea;true;ocean;0
8894;120;12;232;sea;true;ocean;0
8895;120;14;240;sea;true;ocean;0
8896;120;15;248;sea;false;ocean;0
8897;120;16;236;sea;false;ocean;0
8898;120;19;232;sea;true;ocean;0
8899;120;20;240;sea;false;ocean;0
8900;120;22;248;sea;false;ocean;0
8901;120;23;236;sea;false;ocean;0
8902;120;27;240;sea;false;ocean;0
8903;120;28;248;sea;false;ocean;0
8904;120;29;236;sea;false;ocean;0
8905;120;30;244;sea;false;ocean;0
8906;120;33;240;sea;false;ocean;0
8907;120;34;248;sea;false;ocean;0
8908;120;36;236;sea;false;ocean;0
8909;120;37;244;sea;false;ocean;0
8910;120;38;232;sea;false;ocean;0
8911;120;39;240;sea;false;ocean;0
8912;121;2;236;sea;false;ocean;0
8913;121;4;244;land;true;plains;3
8914;121;6;232;sea;true;ocean;0
8915;121;8;240;sea;false;ocean;0
8916;121;10;248;sea;false;ocean;0
8917;121;12;236;sea;false;ocean;0
8918;121;14;244;sea;true;ocean;0
8919;121;15;232;sea;false;ocean;0
8920;121;16;240;sea;false;ocean;0
8921;121;19;236;sea;true;ocean;0
8922;121;20;240;sea;false;ocean;0
8923;121;20;244;sea;true;ocean;0
8924;121;22;232;sea;true;ocean;0
8925;121;23;240;sea;false;ocean;0
8926;121;27;244;sea;false;ocean;0
8927;121;28;232;sea;false;ocean;0
8928;121;29;240;sea;false;ocean;0
8929;121;30;248;sea;false;ocean;0
8930;121;32;236;sea;true;ocean;0
8931;121;33;244;sea;false;ocean;0
8932;121;34;232;sea;false;ocean;0
8933;121;36;240;sea;false;ocean;0
8934;121;37;248;sea;false;ocean;0
8935;121;38;236;sea;false;ocean;0
8936;121;39;244;sea;false;ocean;0
8937;122;2;240;sea;true;ocean;0
8938;122;8;244;sea;false;ocean;0
8939;122;10;232;sea;false;ocean;0
8940;122;12;240;sea;false;ocean;0
8941;122;14;248;sea;true;ocean;0
8942;122;15;236;sea;false;ocean;0
8943;122;16;244;sea;false;ocean;0
8944;122;18;232;sea;false;ocean;0
8945;122;19;240;sea;true;ocean;0
8946;122;20;248;sea;false;ocean;0
8947;122;22;236;sea;false;ocean;0
8948;122;23;244;sea;true;ocean;0
8949;122;27;248;sea;false;ocean;0
8950;122;28;236;sea;false;ocean;0
8951;122;29;244;sea;false;ocean;0
8952;122;30;232;sea;false;ocean;0
8953;122;32;240;sea;true;ocean;0
8954;122;33;248;sea;false;ocean;0
8955;122;34;236;sea;false;ocean;0
8956;122;36;244;sea;true;ocean;0
8957;122;37;232;sea;false;ocean;0
8958;122;38;240;sea;false;ocean;0
8959;122;39;248;sea;false;ocean;0
8960;123;2;244;sea;false;ocean;0
8961;123;4;232;sea;true;ocean;0
8962;110;14;25;lake;false;lakes;0
8963;123;8;248;sea;false;ocean;0
8964;123;12;244;sea;false;ocean;0
8965;123;14;232;sea;true;ocean;0
8966;123;15;240;sea;true;ocean;0
8967;123;16;248;sea;false;ocean;0
8968;123;18;236;sea;false;ocean;0
8969;123;19;244;sea;true;ocean;0
8970;123;20;232;sea;false;ocean;0
8971;123;22;240;sea;false;ocean;0
8972;123;23;248;sea;true;ocean;0
8973;123;25;244;sea;false;ocean;0
8974;123;27;232;sea;false;ocean;0
8975;123;28;240;sea;false;ocean;0
8976;123;29;248;sea;false;ocean;0
8977;123;30;236;sea;false;ocean;0
8978;123;32;244;sea;true;ocean;0
8979;123;33;232;sea;false;ocean;0
8980;123;34;240;sea;false;ocean;0
8981;123;36;248;sea;false;ocean;0
8982;123;37;236;sea;false;ocean;0
8983;123;38;244;sea;false;ocean;0
8984;123;39;232;sea;false;ocean;0
8985;124;2;248;sea;false;ocean;0
8986;124;4;236;sea;true;ocean;0
8987;124;8;232;sea;false;ocean;0
8988;124;12;248;sea;false;ocean;0
8989;124;14;236;sea;false;ocean;0
8990;124;15;244;sea;false;ocean;0
8991;124;17;232;sea;false;ocean;0
8992;124;18;240;sea;false;ocean;0
8993;124;19;248;sea;true;ocean;0
8994;124;20;236;sea;false;ocean;0
8995;124;22;244;sea;false;ocean;0
8996;124;23;232;sea;false;ocean;0
8997;124;27;236;sea;false;ocean;0
8998;124;28;244;sea;false;ocean;0
8999;124;29;232;sea;false;ocean;0
9000;124;30;240;sea;false;ocean;0
9001;124;32;248;sea;true;ocean;0
9002;124;33;236;sea;false;ocean;0
9003;124;34;244;sea;false;ocean;0
9004;124;36;232;sea;false;ocean;0
9005;124;37;240;sea;false;ocean;0
9006;124;38;248;sea;false;ocean;0
9007;124;39;236;sea;false;ocean;0
9008;125;2;232;sea;false;ocean;0
9009;125;4;240;sea;true;ocean;0
9010;125;8;236;sea;false;ocean;0
9011;125;10;244;sea;false;ocean;0
9012;125;12;232;sea;false;ocean;0
9013;125;14;240;sea;true;ocean;0
9014;125;15;248;sea;true;ocean;0
9015;125;17;236;sea;false;ocean;0
9016;125;18;244;sea;true;ocean;0
9017;125;19;232;sea;true;ocean;0
9018;125;20;240;sea;false;ocean;0
9019;125;22;248;sea;false;ocean;0
9020;125;23;236;sea;true;ocean;0
9021;125;27;240;sea;false;ocean;0
9022;125;28;244;sea;false;ocean;0
9023;125;28;248;sea;false;ocean;0
9024;125;29;236;sea;false;ocean;0
9025;125;30;244;sea;false;ocean;0
9026;125;33;240;sea;false;ocean;0
9027;125;34;248;sea;false;ocean;0
9028;125;36;236;sea;false;ocean;0
9029;125;37;244;sea;false;ocean;0
9030;125;38;232;sea;false;ocean;0
9031;125;39;240;sea;false;ocean;0
9032;126;0;84;land;false;mountain;1
9033;126;0;189;land;false;plains;1
9034;126;2;236;sea;false;ocean;0
9035;126;3;49;land;false;forest;1
9036;126;3;154;land;false;forest;1
9037;126;4;244;sea;true;ocean;0
9038;126;6;14;land;false;plains;1
9039;126;6;164;land;false;forest;1
9040;126;8;240;sea;false;ocean;0
9041;126;9;79;land;true;plains;1
9042;126;9;129;land;true;plains;1
9043;126;9;184;land;false;forest;6
9044;126;10;248;sea;false;ocean;0
9045;126;12;44;land;true;forest;1
9046;126;12;99;land;false;forest;1
9047;126;12;149;land;false;mountain;1
9048;126;12;236;sea;false;ocean;0
9049;126;14;244;sea;true;ocean;0
9050;126;15;64;land;false;forest;6
9051;126;15;214;land;false;forest;1
9052;126;15;232;sea;false;ocean;0
9053;126;17;240;sea;false;ocean;0
9054;126;18;29;land;false;plains;1
9055;126;18;74;land;true;forest;1
9056;126;18;179;land;false;forest;1
9057;126;19;236;sea;true;ocean;0
9058;126;20;244;sea;false;ocean;0
9059;126;21;39;land;false;marsh;1
9060;126;21;94;land;false;forest;1
9061;126;21;144;land;false;forest;1
9062;126;22;232;sea;false;ocean;0
9063;126;23;240;sea;false;ocean;0
9064;126;24;4;land;true;plains;1
9065;126;24;59;land;false;plains;6
9066;126;24;209;land;false;mountain;1
9067;126;24;248;sea;false;ocean;0
9068;126;27;24;land;false;forest;1
9069;126;27;174;land;false;mountain;1
9070;126;27;244;sea;true;ocean;0
9071;126;28;232;sea;false;ocean;0
9072;126;29;240;sea;true;ocean;0
9073;126;30;89;land;false;forest;1
9074;126;30;139;land;false;forest;1
9075;126;30;194;land;true;mountain;1
9076;126;30;248;sea;false;ocean;0
9077;126;32;236;sea;true;ocean;0
9078;126;33;54;land;false;forest;1
9079;126;33;159;land;false;forest;1
9080;126;33;244;sea;false;ocean;0
9081;126;34;232;sea;true;ocean;0
9082;126;36;19;land;true;forest;1
9083;126;36;169;land;false;mountain;1
9084;126;36;224;land;false;plains;6
9085;126;36;240;sea;false;ocean;0
9086;126;37;248;sea;false;ocean;0
9087;126;38;236;sea;true;ocean;0
9088;126;39;84;land;true;forest;1
9089;126;39;134;land;true;plains;1
9090;126;39;189;land;true;mountain;1
9091;126;39;244;sea;false;ocean;0
9092;126;40;248;sea;true;ocean;0
9093;126;42;49;land;false;forest;1
9094;126;42;154;land;false;plains;1
9095;126;45;14;land;false;mountain;1
9096;126;45;69;land;true;forest;1
9097;126;45;219;land;true;forest;1
9098;126;48;34;land;false;marsh;1
9099;126;48;184;land;false;forest;6
9100;126;51;44;land;true;forest;1
9101;126;51;99;land;false;forest;1
9102;126;51;149;land;false;forest;1
9103;126;54;64;land;false;plains;1
9104;126;54;214;land;false;forest;1
9105;126;57;29;land;true;forest;1
9106;126;57;179;land;false;forest;1
9107;126;60;94;land;false;forest;1
9108;126;60;144;land;true;forest;1
9109;126;60;199;land;false;forest;1
9110;126;63;59;land;false;plains;1
9111;126;63;164;land;false;plains;1
9112;126;63;209;land;false;forest;1
9113;126;66;24;land;false;plains;6
9114;126;66;129;land;false;plains;6
9115;126;66;174;land;true;marsh;1
9116;126;69;139;land;true;plains;1
9117;126;69;194;land;false;plains;1
9118;126;72;54;land;true;forest;1
9119;126;75;19;land;false;forest;1
9120;126;75;74;land;false;forest;1
9121;126;75;224;land;false;forest;6
9122;126;78;39;land;false;forest;1
9123;126;78;84;land;false;forest;1
9124;126;78;189;land;false;plains;6
9125;126;105;138;lake;false;lakes;0
9126;126;81;49;land;true;mountain;1
9127;126;81;154;land;true;mountain;1
9128;126;84;14;land;false;plains;1
9129;126;84;69;land;false;forest;1
9130;126;84;219;land;false;plains;1
9131;126;87;34;land;false;forest;1
9132;126;87;184;land;true;hills;1
9133;126;90;99;land;false;forest;6
9134;126;90;149;land;false;mountain;1
9135;126;93;64;land;false;mountain;1
9136;126;93;169;land;false;forest;6
9137;126;93;214;land;false;forest;5
9138;126;96;134;land;false;forest;1
9139;126;99;94;land;false;mountain;1
9140;126;99;144;land;true;plains;1
9141;126;102;59;land;false;forest;1
9142;126;102;164;land;false;marsh;6
9143;126;105;24;land;true;forest;1
9144;126;105;79;land;false;forest;1
9145;126;105;129;land;false;forest;6
9146;126;108;44;land;false;forest;6
9147;126;108;89;land;true;forest;1
9148;126;108;194;land;false;forest;1
9149;126;111;9;land;false;plains;1
9150;126;111;54;land;true;forest;1
9151;126;111;159;land;true;forest;1
9152;126;114;19;land;false;plains;5
9153;126;114;74;land;false;forest;1
9154;126;114;224;land;false;forest;1
9155;126;117;39;land;false;forest;6
9156;126;117;189;land;false;forest;1
9157;126;120;4;land;false;forest;1
9158;126;120;154;land;false;forest;1
9159;126;120;209;land;false;plains;1
9160;126;123;69;land;false;forest;1
9161;126;123;174;land;true;mountain;1
9162;126;123;219;land;true;forest;1
9163;126;126;34;land;false;forest;1
9164;126;126;139;land;false;forest;1
9165;126;126;184;land;true;forest;1
9166;126;129;99;land;false;forest;1
9167;126;129;149;land;false;forest;1
9168;126;129;204;land;false;forest;1
9169;126;132;64;land;false;forest;1
9170;126;132;169;land;false;mountain;1
9171;126;135;29;land;false;mountain;1
9172;126;135;84;land;false;forest;6
9173;126;135;134;land;false;forest;1
9174;126;138;49;land;true;plains;1
9175;126;138;94;land;false;mountain;1
9176;126;138;199;land;true;forest;1
9177;126;141;14;land;false;plains;1
9178;126;141;59;land;false;mountain;1
9179;126;144;24;land;true;plains;1
9180;126;144;79;land;false;plains;6
9181;126;144;129;land;false;forest;1
9182;126;147;44;land;false;forest;1
9183;126;150;9;land;false;forest;1
9184;126;153;74;land;false;forest;1
9185;126;153;179;land;false;plains;1
9186;126;153;224;land;false;forest;1
9187;126;156;39;land;false;forest;1
9188;126;156;144;land;false;forest;1
9189;126;156;189;land;false;forest;1
9190;126;159;4;land;false;forest;1
9191;126;159;154;land;false;plains;1
9192;126;159;209;land;false;forest;6
9193;126;162;69;land;false;plains;1
9194;126;162;174;land;true;forest;1
9195;126;165;34;land;true;forest;1
9196;126;165;89;land;false;forest;1
9197;126;165;139;land;true;forest;1
9198;126;168;99;land;false;forest;1
9199;126;168;204;land;false;forest;1
9200;126;171;19;land;false;plains;6
9201;126;171;64;land;false;mountain;1
9202;126;171;169;land;false;plains;1
9203;126;174;29;land;false;marsh;1
9204;126;174;84;land;false;plains;1
9205;126;174;134;land;true;plains;6
9206;126;177;49;land;true;forest;1
9207;126;180;14;land;false;forest;1
9208;126;180;164;land;false;mountain;1
9209;126;180;219;land;false;plains;1
9210;126;183;79;land;false;plains;6
9211;126;183;129;land;false;forest;1
9212;126;183;184;land;false;forest;1
9213;126;186;44;land;false;plains;6
9214;126;186;149;land;false;forest;6
9215;126;186;194;land;true;marsh;1
9216;126;189;9;land;true;mountain;1
9217;126;189;159;land;true;marsh;1
9218;126;189;214;land;false;forest;1
9219;126;192;74;land;false;forest;1
9220;126;195;39;land;false;forest;1
9221;126;195;94;land;false;forest;1
9222;126;195;144;land;false;forest;6
9223;126;198;4;land;false;forest;1
9224;126;198;59;land;false;forest;6
9225;126;198;209;land;false;forest;6
9226;126;201;69;land;false;forest;1
9227;126;201;174;land;false;mountain;1
9228;126;204;89;land;true;plains;1
9229;126;204;139;land;false;forest;1
9230;126;207;54;land;false;marsh;6
9231;126;207;204;land;false;forest;1
9232;126;210;19;land;false;plains;6
9233;126;210;169;land;false;forest;1
9234;126;210;224;land;false;forest;1
9235;127;0;39;land;false;hills;1
9236;127;0;144;land;false;forest;1
9237;127;3;4;land;true;mountain;1
9238;127;3;59;land;false;forest;1
9239;127;6;24;land;false;forest;1
9240;127;6;69;land;true;forest;1
9241;127;6;174;land;false;plains;1
9242;127;9;34;land;false;hills;1
9243;127;9;89;land;false;forest;6
9244;127;9;139;land;false;hills;6
9245;127;12;54;land;false;forest;1
9246;127;12;204;land;false;plains;1
9247;127;15;19;land;false;plains;1
9248;127;15;169;land;true;plains;1
9249;127;15;224;land;false;marsh;1
9250;127;18;84;land;true;plains;1
9251;127;18;134;land;false;forest;1
9252;127;18;189;land;false;forest;1
9253;127;21;49;land;false;forest;1
9254;127;21;199;land;false;forest;1
9255;127;24;14;land;false;forest;1
9256;127;24;164;land;false;forest;1
9257;127;27;129;land;false;plains;1
9258;127;27;184;land;false;hills;1
9259;127;30;44;land;false;plains;6
9260;127;30;99;land;false;forest;1
9261;127;30;149;land;false;plains;1
9262;127;33;9;land;true;forest;1
9263;127;33;214;land;true;plains;1
9264;127;36;29;land;false;forest;1
9265;127;36;74;land;false;plains;1
9266;127;36;179;land;false;plains;1
9267;127;39;39;land;false;forest;1
9268;127;39;94;land;false;plains;1
9269;127;39;144;land;false;plains;1
9270;127;42;4;land;false;forest;6
9271;127;42;59;land;false;forest;6
9272;127;42;209;land;false;forest;1
9273;127;45;24;land;false;plains;1
9274;127;48;89;land;false;plains;1
9275;127;48;139;land;false;forest;1
9276;127;51;54;land;false;plains;1
9277;127;51;159;land;false;forest;1
9278;127;51;204;land;false;plains;1
9279;127;54;19;land;true;plains;1
9280;127;54;169;land;false;forest;6
9281;127;54;224;land;false;plains;1
9282;127;57;84;land;false;hills;1
9283;127;57;134;land;false;plains;6
9284;127;57;189;land;false;hills;1
9285;127;60;49;land;false;mountain;1
9286;127;60;154;land;false;hills;1
9287;127;63;14;land;false;forest;1
9288;127;63;69;land;false;urban;1
9289;127;63;219;land;false;plains;1
9290;127;66;34;land;false;forest;1
9291;127;66;79;land;false;forest;6
9292;127;66;184;land;false;urban;6
9293;127;69;44;land;false;forest;6
9294;127;69;99;land;false;forest;1
9295;127;69;149;land;false;forest;1
9296;127;72;9;land;true;forest;1
9297;127;72;64;land;false;urban;1
9298;127;72;214;land;false;forest;1
9299;127;75;29;land;false;forest;6
9300;127;75;179;land;false;plains;1
9301;127;78;94;land;false;forest;1
9302;127;78;144;land;false;forest;1
9303;127;81;59;land;true;plains;1
9304;127;81;164;land;false;forest;1
9305;127;81;209;land;false;forest;6
9306;127;84;129;land;false;forest;1
9307;127;87;89;land;false;hills;6
9308;127;87;139;land;false;forest;1
9309;127;87;194;land;false;plains;1
9310;127;90;159;land;false;plains;1
9311;127;93;19;land;false;plains;1
9312;127;93;74;land;false;plains;1
9313;127;93;224;land;false;plains;1
9314;127;96;84;land;false;mountain;1
9315;127;96;189;land;false;urban;1
9316;127;99;4;land;false;forest;1
9317;127;99;49;land;true;forest;1
9318;127;99;154;land;false;plains;1
9319;127;102;14;land;false;marsh;1
9320;127;102;69;land;false;plains;1
9321;127;102;219;land;true;plains;1
9322;127;105;34;land;true;plains;1
9323;127;105;184;land;false;plains;1
9324;127;108;99;land;false;plains;1
9325;127;108;149;land;false;plains;6
9326;127;108;204;land;false;plains;1
9327;127;111;64;land;false;plains;1
9328;127;111;169;land;false;forest;1
9329;127;111;214;land;false;forest;1
9330;127;114;29;land;false;forest;1
9331;127;114;179;land;false;marsh;1
9332;127;117;94;land;false;hills;1
9333;127;117;144;land;false;forest;1
9334;127;117;199;land;true;plains;1
9335;127;120;164;land;true;plains;1
9336;127;123;24;land;false;forest;6
9337;127;123;79;land;false;plains;6
9338;127;123;129;land;false;hills;6
9339;127;126;44;land;false;plains;1
9340;127;126;89;land;true;urban;1
9341;127;126;194;land;false;forest;1
9342;127;129;9;land;false;forest;1
9343;127;129;54;land;false;forest;1
9344;127;129;159;land;false;plains;1
9345;127;132;19;land;false;plains;1
9346;127;132;74;land;false;forest;1
9347;127;135;39;land;true;urban;1
9348;127;135;189;land;false;hills;1
9349;127;138;4;land;false;plains;6
9350;127;138;154;land;true;plains;1
9351;127;141;69;land;false;plains;1
9352;127;141;174;land;false;plains;1
9353;127;141;219;land;false;forest;1
9354;127;144;34;land;false;hills;6
9355;127;144;139;land;false;urban;1
9356;127;144;184;land;false;plains;1
9357;127;147;99;land;false;plains;1
9358;127;147;149;land;false;forest;6
9359;127;147;204;land;false;forest;1
9360;127;150;64;land;false;forest;1
9361;127;150;169;land;true;plains;1
9362;127;153;29;land;true;plains;1
9363;127;153;84;land;false;plains;1
9364;127;153;134;land;true;hills;1
9365;127;156;49;land;false;forest;6
9366;127;156;199;land;false;forest;1
9367;127;159;14;land;false;plains;1
9368;127;159;59;land;false;forest;6
9369;127;159;164;land;true;mountain;1
9370;127;162;24;land;false;plains;6
9371;127;162;79;land;false;plains;1
9372;127;165;44;land;false;forest;1
9373;127;165;194;land;false;plains;6
9374;127;168;159;land;false;plains;1
9375;127;168;214;land;false;forest;1
9376;127;171;74;land;false;forest;1
9377;127;171;179;land;true;plains;3
9378;127;171;224;land;false;forest;1
9379;127;174;39;land;false;urban;1
9380;127;174;144;land;false;plains;1
9381;127;174;189;land;false;forest;6
9382;127;177;4;land;false;forest;1
9383;127;177;154;land;true;plains;1
9384;127;177;209;land;false;plains;1
9385;127;180;69;land;false;plains;6
9386;127;183;34;land;false;forest;1
9387;127;183;89;land;false;forest;1
9388;127;183;139;land;true;plains;1
9389;127;186;99;land;false;plains;1
9390;127;186;204;land;false;forest;6
9391;127;189;19;land;false;plains;6
9392;127;189;64;land;true;urban;1
9393;127;192;29;land;false;forest;1
9394;127;192;84;land;false;plains;1
9395;127;192;134;land;false;hills;1
9396;127;195;49;land;false;plains;1
9397;127;195;199;land;false;mountain;1
9398;127;198;14;land;false;forest;1
9399;127;198;164;land;false;forest;1
9400;127;198;219;land;false;plains;1
9401;127;201;79;land;false;forest;6
9402;127;201;129;land;false;forest;6
9403;127;201;184;land;false;plains;1
9404;127;204;44;land;false;forest;1
9405;127;204;149;land;true;hills;1
9406;127;204;194;land;false;forest;1
9407;127;207;9;land;false;forest;1
9408;127;207;159;land;false;forest;1
9409;127;207;214;land;false;plains;1
9410;127;210;74;land;false;forest;1
9411;127;210;179;land;false;plains;1
9412;128;0;49;land;false;hills;1
9413;128;0;199;land;false;plains;1
9414;128;3;14;land;false;plains;1
9415;128;3;219;land;false;plains;1
9416;128;6;79;land;false;forest;1
9417;128;6;184;land;true;urban;1
9418;128;9;44;land;false;forest;1
9419;128;9;149;land;false;plains;1
9420;128;9;194;land;false;plains;6
9421;128;12;9;land;false;forest;1
9422;128;12;159;land;false;plains;1
9423;128;12;214;land;false;plains;1
9424;128;15;74;land;false;plains;1
9425;128;15;179;land;false;mountain;1
9426;128;18;94;land;false;plains;6
9427;128;18;144;land;false;urban;1
9428;128;21;4;land;false;forest;1
9429;128;21;209;land;false;plains;1
9430;128;24;24;land;true;plains;1
9431;128;24;69;land;true;plains;1
9432;128;27;34;land;false;hills;6
9433;128;27;89;land;false;forest;1
9434;128;27;139;land;true;urban;1
9435;128;30;54;land;false;plains;1
9436;128;30;204;land;false;forest;1
9437;128;33;169;land;false;plains;1
9438;128;33;224;land;false;plains;1
9439;128;36;134;land;false;plains;1
9440;128;36;189;land;false;hills;6
9441;128;39;49;land;false;hills;1
9442;128;39;154;land;false;plains;1
9443;128;39;199;land;false;forest;1
9444;128;42;14;land;false;forest;1
9445;128;42;164;land;false;hills;6
9446;128;42;219;land;false;plains;1
9447;128;45;79;land;false;hills;6
9448;128;45;129;land;false;plains;1
9449;128;48;44;land;false;plains;1
9450;128;48;99;land;true;urban;2
9451;128;48;149;land;false;plains;1
9452;128;51;9;land;false;plains;1
9453;128;51;64;land;true;desert;6
9454;128;51;214;land;false;plains;1
9455;128;54;29;land;false;plains;6
9456;128;54;74;land;false;forest;1
9457;128;54;179;land;false;plains;1
9458;128;57;39;land;true;plains;1
9459;128;57;94;land;false;plains;1
9460;128;60;4;land;false;plains;1
9461;128;60;59;land;false;urban;1
9462;128;60;209;land;false;desert;6
9463;128;63;24;land;false;forest;1
9464;128;63;174;land;false;forest;1
9465;128;66;89;land;false;plains;1
9466;128;66;139;land;false;plains;1
9467;128;66;194;land;true;forest;2
9468;128;69;54;land;false;plains;1
9469;128;69;159;land;false;desert;6
9470;128;69;204;land;false;forest;1
9471;128;72;19;land;false;hills;1
9472;128;75;84;land;false;forest;1
9473;128;75;134;land;false;hills;6
9474;128;75;189;land;false;forest;1
9475;128;78;49;land;false;hills;6
9476;128;78;154;land;false;plains;1
9477;128;81;14;land;false;plains;1
9478;128;81;69;land;false;plains;1
9479;128;81;219;land;false;forest;1
9480;128;84;34;land;false;forest;2
9481;128;84;184;land;false;plains;1
9482;128;87;44;land;false;forest;1
9483;128;87;99;land;false;plains;1
9484;128;90;9;land;true;hills;1
9485;128;90;64;land;false;forest;1
9486;128;90;214;land;false;forest;1
9487;128;93;179;land;false;hills;6
9488;128;96;94;land;false;plains;1
9489;128;96;144;land;false;plains;1
9490;128;96;199;land;false;plains;1
9491;128;99;59;land;false;forest;1
9492;128;99;164;land;false;plains;1
9493;128;99;209;land;false;marsh;1
9494;128;102;24;land;false;forest;1
9495;128;102;129;land;false;plains;1
9496;128;102;174;land;false;forest;1
9497;128;105;89;land;false;hills;1
9498;128;105;139;land;true;urban;1
9499;128;105;194;land;false;forest;1
9500;128;108;54;land;true;plains;1
9501;128;108;159;land;false;forest;1
9502;128;111;19;land;false;plains;1
9503;128;111;74;land;false;urban;1
9504;128;111;224;land;false;forest;1
9505;128;114;39;land;false;hills;1
9506;128;114;84;land;false;plains;1
9507;128;117;4;land;false;plains;1
9508;128;117;49;land;false;urban;1
9509;128;120;14;land;false;plains;1
9510;128;120;69;land;true;plains;1
9511;128;120;219;land;false;plains;1
9512;128;123;34;land;false;forest;6
9513;128;126;99;land;false;desert;6
9514;128;126;149;land;false;forest;6
9515;128;126;204;land;false;plains;1
9516;128;129;64;land;false;plains;1
9517;128;129;169;land;false;urban;1
9518;128;129;214;land;false;plains;1
9519;128;132;29;land;false;plains;1
9520;128;132;179;land;false;forest;1
9521;128;135;94;land;false;plains;1
9522;128;135;144;land;false;plains;1
9523;128;135;199;land;false;urban;1
9524;128;138;59;land;false;forest;1
9525;128;138;164;land;true;plains;1
9526;128;141;24;land;false;plains;6
9527;128;141;79;land;false;plains;1
9528;128;141;129;land;false;desert;6
9529;128;144;89;land;false;plains;1
9530;128;144;194;land;false;hills;6
9531;128;147;159;land;false;forest;1
9532;128;150;19;land;false;plains;1
9533;128;150;224;land;false;plains;1
9534;128;153;39;land;false;plains;1
9535;128;153;189;land;false;forest;1
9536;128;156;154;land;false;forest;1
9537;128;156;209;land;false;forest;1
9538;128;159;69;land;false;desert;6
9539;128;159;174;land;false;forest;1
9540;128;162;34;land;false;forest;1
9541;128;162;139;land;false;forest;1
9542;128;162;184;land;false;forest;1
9543;128;165;99;land;false;plains;1
9544;128;165;149;land;false;plains;1
9545;128;165;204;land;false;forest;1
9546;128;168;64;land;false;plains;1
9547;128;171;29;land;false;forest;1
9548;128;171;84;land;false;forest;1
9549;128;174;94;land;false;forest;6
9550;128;174;199;land;true;hills;1
9551;128;177;14;land;false;mountain;1
9552;128;177;59;land;false;forest;1
9553;128;177;164;land;false;forest;6
9554;128;180;24;land;false;marsh;1
9555;128;180;79;land;false;forest;1
9556;128;180;129;land;false;plains;1
9557;128;183;44;land;false;plains;1
9558;128;183;194;land;false;forest;1
9559;128;186;9;land;false;hills;1
9560;128;186;159;land;false;forest;1
9561;128;189;74;land;false;forest;1
9562;128;189;224;land;true;forest;1
9563;128;192;144;land;false;hills;1
9564;128;192;189;land;false;plains;1
9565;128;195;4;land;false;forest;1
9566;128;195;154;land;false;plains;1
9567;128;195;209;land;false;hills;1
9568;128;198;69;land;false;plains;1
9569;128;198;174;land;false;plains;1
9570;128;201;34;land;false;urban;1
9571;128;201;89;land;true;plains;1
9572;128;201;139;land;false;plains;1
9573;128;204;54;land;false;plains;1
9574;128;204;99;land;false;forest;1
9575;128;204;204;land;false;forest;1
9576;128;207;19;land;false;plains;1
9577;128;207;64;land;false;plains;6
9578;128;207;169;land;false;plains;1
9579;128;210;29;land;false;plains;1
9580;129;0;4;land;true;plains;2
9581;129;0;154;land;false;plains;1
9582;129;0;209;land;true;marsh;1
9583;129;3;69;land;false;forest;2
9584;129;3;174;land;false;mountain;1
9585;129;6;34;land;true;forest;2
9586;129;6;89;land;false;hills;1
9587;129;6;139;land;false;mountain;1
9588;129;9;54;land;false;hills;1
9589;129;9;99;land;false;mountain;6
9590;129;9;204;land;false;plains;1
9591;129;12;19;land;false;plains;1
9592;129;12;64;land;false;plains;6
9593;129;12;169;land;false;forest;1
9594;129;15;29;land;false;plains;6
9595;129;15;84;land;false;plains;1
9596;129;18;49;land;false;hills;1
9597;129;18;199;land;true;plains;1
9598;129;21;14;land;false;mountain;1
9599;129;21;219;land;false;plains;1
9600;129;24;79;land;false;mountain;1
9601;129;24;129;land;false;plains;2
9602;129;24;184;land;false;forest;1
9603;129;27;44;land;false;mountain;1
9604;129;27;194;land;true;mountain;6
9605;129;30;159;land;false;desert;6
9606;129;30;214;land;false;hills;1
9607;129;33;74;land;false;plains;1
9608;129;33;179;land;false;plains;1
9609;129;36;39;land;false;plains;1
9610;129;36;94;land;false;plains;1
9611;129;36;144;land;false;forest;1
9612;129;39;59;land;false;plains;1
9613;129;39;209;land;false;mountain;1
9614;129;42;24;land;false;plains;1
9615;129;42;69;land;false;forest;2
9616;129;45;34;land;false;hills;2
9617;129;45;89;land;false;urban;1
9618;129;45;139;land;false;mountain;1
9619;129;48;54;land;false;mountain;1
9620;129;48;204;land;false;hills;1
9621;129;51;19;land;false;plains;1
9622;129;51;169;land;false;forest;1
9623;129;51;224;land;false;plains;6
9624;129;54;84;land;false;forest;1
9625;129;54;134;land;false;plains;1
9626;129;54;189;land;false;mountain;7
9627;129;57;49;land;false;hills;1
9628;129;57;154;land;false;hills;1
9629;129;57;199;land;false;plains;1
9630;129;60;14;land;false;mountain;1
9631;129;60;164;land;false;plains;1
9632;129;60;219;land;false;mountain;7
9633;129;63;79;land;false;mountain;1
9634;129;63;129;land;false;forest;2
9635;129;63;184;land;true;plains;1
9636;129;66;44;land;false;mountain;1
9637;129;66;99;land;true;hills;2
9638;129;69;9;land;false;urban;1
9639;129;69;64;land;false;hills;6
9640;129;69;214;land;false;hills;1
9641;129;72;29;land;false;hills;6
9642;129;72;74;land;false;plains;1
9643;129;72;179;land;false;plains;1
9644;129;75;39;land;false;plains;1
9645;129;75;94;land;false;hills;1
9646;129;75;144;land;false;plains;1
9647;129;78;59;land;false;plains;1
9648;129;78;209;land;false;urban;1
9649;129;81;24;land;false;mountain;1
9650;129;81;174;land;false;mountain;1
9651;129;84;89;land;false;plains;1
9652;129;84;139;land;false;mountain;1
9653;129;84;194;land;false;plains;2
9654;129;87;159;land;false;plains;2
9655;129;87;204;land;false;hills;1
9656;129;90;19;land;false;plains;1
9657;129;90;224;land;true;plains;2
9658;129;93;134;land;false;plains;1
9659;129;93;189;land;false;forest;6
9660;129;96;49;land;false;urban;1
9661;129;99;14;land;false;plains;1
9662;129;99;69;land;false;forest;2
9663;129;99;219;land;true;mountain;1
9664;129;102;34;land;false;hills;2
9665;129;102;79;land;false;plains;1
9666;129;105;44;land;false;forest;1
9667;129;105;99;land;true;plains;2
9668;129;105;149;land;false;mountain;1
9669;129;108;64;land;false;plains;2
9670;129;108;214;land;false;mountain;1
9671;129;111;29;land;true;urban;2
9672;129;111;179;land;false;hills;1
9673;129;114;199;land;false;forest;2
9674;129;117;59;land;false;mountain;1
9675;129;117;164;land;false;hills;2
9676;129;117;209;land;false;plains;1
9677;129;120;24;land;true;hills;1
9678;129;120;129;land;true;forest;2
9679;129;120;174;land;false;hills;1
9680;129;123;89;land;true;plains;1
9681;129;123;139;land;false;plains;1
9682;129;123;194;land;false;hills;2
9683;129;126;54;land;false;plains;1
9684;129;126;159;land;false;plains;2
9685;129;129;19;land;false;mountain;1
9686;129;132;39;land;false;forest;1
9687;129;132;84;land;false;forest;1
9688;129;132;189;land;false;plains;1
9689;129;135;4;land;true;forest;1
9690;129;135;49;land;false;forest;1
9691;129;135;154;land;false;hills;1
9692;129;138;14;land;false;plains;1
9693;129;138;69;land;false;forest;2
9694;129;138;219;land;false;hills;1
9695;129;141;34;land;false;mountain;2
9696;129;141;184;land;false;hills;1
9697;129;144;99;land;false;plains;2
9698;129;144;149;land;false;plains;1
9699;129;144;204;land;false;mountain;1
9700;129;147;169;land;false;hills;1
9701;129;147;214;land;false;plains;1
9702;129;150;29;land;false;mountain;7
9703;129;150;134;land;true;mountain;1
9704;129;150;179;land;false;mountain;1
9705;129;153;94;land;false;plains;1
9706;129;153;144;land;false;plains;1
9707;129;156;59;land;false;plains;1
9708;129;156;164;land;false;hills;2
9709;129;159;24;land;false;plains;1
9710;129;159;79;land;true;forest;1
9711;129;159;129;land;true;plains;2
9712;129;162;89;land;true;plains;1
9713;129;162;194;land;true;plains;2
9714;129;165;54;land;false;forest;1
9715;129;165;159;land;false;mountain;7
9716;129;168;19;land;false;plains;1
9717;129;168;74;land;false;forest;1
9718;129;168;224;land;true;plains;1
9719;129;171;39;land;true;forest;1
9720;129;171;189;land;false;hills;6
9721;129;174;4;land;false;hills;2
9722;129;174;154;land;false;plains;1
9723;129;174;209;land;false;hills;1
9724;129;177;69;land;true;plains;2
9725;129;177;174;land;false;forest;1
9726;129;177;219;land;false;plains;1
9727;129;180;34;land;false;forest;2
9728;129;180;139;land;false;hills;1
9729;129;180;184;land;true;plains;1
9730;129;183;99;land;true;mountain;2
9731;129;183;149;land;false;plains;1
9732;129;183;204;land;false;mountain;1
9733;129;186;64;land;false;hills;6
9734;129;186;169;land;false;forest;1
9735;129;189;29;land;false;plains;6
9736;129;189;84;land;false;mountain;1
9737;129;189;134;land;true;urban;1
9738;129;192;49;land;false;mountain;1
9739;129;192;94;land;false;plains;1
9740;129;192;199;land;true;forest;2
9741;129;195;14;land;false;hills;1
9742;129;195;59;land;false;plains;1
9743;129;195;164;land;true;forest;2
9744;129;198;24;land;false;plains;1
9745;129;198;79;land;false;mountain;1
9746;129;198;129;land;true;plains;2
9747;129;201;194;land;true;forest;2
9748;129;204;9;land;false;hills;1
9749;129;204;159;land;false;mountain;6
9750;129;204;214;land;false;hills;1
9751;129;207;74;land;false;forest;1
9752;129;207;179;land;false;hills;1
9753;129;207;224;land;false;urban;6
9754;129;210;39;land;false;hills;2
9755;130;0;14;land;false;mountain;7
9756;130;0;59;land;false;forest;1
9757;130;3;79;land;false;plains;1
9758;130;3;129;land;true;plains;2
9759;130;6;44;land;false;hills;6
9760;130;6;194;land;false;hills;2
9761;130;9;9;land;false;mountain;7
9762;130;9;159;land;false;hills;6
9763;130;9;214;land;false;plains;7
9764;130;12;74;land;true;urban;1
9765;130;12;179;land;false;plains;1
9766;130;12;224;land;false;mountain;6
9767;130;15;39;land;false;plains;1
9768;130;15;144;land;false;forest;6
9769;130;15;189;land;false;forest;1
9770;130;18;4;land;false;mountain;1
9771;130;18;154;land;false;forest;1
9772;130;18;209;land;true;hills;1
9773;130;21;69;land;false;plains;2
9774;130;21;174;land;false;forest;2
9775;130;24;34;land;false;hills;2
9776;130;24;89;land;false;hills;6
9777;130;24;139;land;false;mountain;7
9778;130;27;54;land;false;forest;1
9779;130;27;99;land;false;hills;2
9780;130;27;204;land;true;hills;1
9781;130;30;19;land;false;plains;6
9782;130;30;64;land;false;forest;6
9783;130;33;29;land;true;plains;1
9784;130;33;84;land;true;plains;1
9785;130;33;134;land;false;hills;1
9786;130;36;49;land;true;forest;2
9787;130;36;199;land;false;forest;1
9788;130;39;14;land;false;plains;6
9789;130;39;164;land;false;mountain;2
9790;130;39;219;land;true;plains;6
9791;130;42;79;land;false;hills;1
9792;130;42;129;land;false;mountain;2
9793;130;42;184;land;true;plains;1
9794;130;45;44;land;false;hills;1
9795;130;45;149;land;false;forest;6
9796;130;45;194;land;false;plains;2
9797;130;48;9;land;false;mountain;1
9798;130;48;159;land;false;plains;6
9799;130;48;214;land;true;mountain;7
9800;130;51;74;land;false;hills;1
9801;130;54;39;land;true;forest;2
9802;130;54;94;land;false;hills;2
9803;130;54;144;land;false;mountain;6
9804;130;57;4;land;false;forest;2
9805;130;57;59;land;true;hills;1
9806;130;57;209;land;false;mountain;7
9807;130;60;24;land;false;hills;6
9808;130;60;69;land;false;hills;2
9809;130;60;174;land;true;mountain;1
9810;130;63;34;land;false;plains;2
9811;130;63;89;land;false;mountain;7
9812;130;66;54;land;false;mountain;1
9813;130;66;204;land;false;plains;1
9814;130;69;19;land;true;urban;2
9815;130;69;224;land;true;plains;1
9816;130;72;84;land;false;hills;7
9817;130;72;134;land;true;urban;1
9818;130;75;49;land;false;mountain;1
9819;130;75;154;land;false;forest;1
9820;130;75;199;land;false;hills;2
9821;130;78;14;land;true;mountain;1
9822;130;78;164;land;false;plains;2
9823;130;78;219;land;false;plains;7
9824;130;81;79;land;true;forest;1
9825;130;81;129;land;true;plains;2
9826;130;81;184;land;true;hills;1
9827;130;84;44;land;false;plains;1
9828;130;84;99;land;false;hills;1
9829;130;84;149;land;false;plains;2
9830;130;87;64;land;false;mountain;7
9831;130;87;214;land;false;plains;6
9832;130;90;74;land;true;plains;2
9833;130;90;179;land;true;urban;1
9834;130;93;39;land;true;marsh;2
9835;130;93;94;land;true;plains;6
9836;130;96;4;land;false;forest;2
9837;130;96;59;land;false;mountain;1
9838;130;96;209;land;true;hills;1
9839;130;99;24;land;false;plains;1
9840;130;99;174;land;false;mountain;1
9841;130;102;89;land;false;hills;6
9842;130;102;139;land;false;mountain;1
9843;130;102;194;land;false;urban;6
9844;130;105;54;land;false;mountain;7
9845;130;105;159;land;true;plains;1
9846;130;105;204;land;false;plains;1
9847;130;108;169;land;true;plains;2
9848;130;108;224;land;false;hills;6
9849;130;111;84;land;false;mountain;1
9850;130;111;134;land;false;forest;2
9851;130;114;49;land;true;plains;1
9852;130;114;154;land;false;plains;1
9853;130;117;14;land;true;hills;1
9854;130;117;69;land;true;hills;6
9855;130;117;219;land;false;mountain;2
9856;130;120;34;land;true;plains;1
9857;130;120;79;land;false;forest;1
9858;130;120;184;land;false;mountain;7
9859;130;123;99;land;true;plains;6
9860;130;123;149;land;false;mountain;7
9861;130;126;64;land;false;plains;7
9862;130;126;214;land;false;forest;1
9863;130;129;29;land;true;hills;1
9864;130;132;94;land;true;forest;2
9865;130;132;199;land;true;forest;6
9866;130;135;59;land;false;mountain;6
9867;130;135;209;land;false;plains;1
9868;130;138;24;land;false;plains;7
9869;130;138;129;land;false;forest;1
9870;130;138;174;land;false;hills;1
9871;130;141;89;land;false;mountain;7
9872;130;141;139;land;false;plains;1
9873;130;141;194;land;false;forest;6
9874;130;144;54;land;false;hills;1
9875;130;144;159;land;false;forest;1
9876;130;147;74;land;true;plains;2
9877;130;147;224;land;false;plains;1
9878;130;150;39;land;false;mountain;7
9879;130;150;84;land;false;mountain;1
9880;130;150;189;land;false;plains;2
9881;130;153;4;land;false;hills;1
9882;130;153;49;land;false;mountain;1
9883;130;153;154;land;false;plains;6
9884;130;156;14;land;false;mountain;1
9885;130;156;69;land;false;hills;6
9886;130;156;219;land;false;hills;7
9887;130;159;34;land;true;mountain;7
9888;130;159;184;land;false;plains;1
9889;130;162;99;land;false;hills;1
9890;130;162;149;land;false;hills;1
9891;130;162;204;land;false;plains;1
9892;130;165;64;land;false;plains;2
9893;130;165;169;land;false;mountain;7
9894;130;165;214;land;false;mountain;1
9895;130;168;29;land;true;hills;6
9896;130;168;134;land;true;hills;1
9897;130;171;94;land;false;hills;6
9898;130;171;144;land;true;plains;1
9899;130;171;199;land;false;mountain;6
9900;130;174;59;land;false;mountain;7
9901;130;174;164;land;false;plains;7
9902;130;177;24;land;true;forest;1
9903;130;177;79;land;false;hills;1
9904;130;177;129;land;true;urban;1
9905;130;180;44;land;false;plains;6
9906;130;180;89;land;false;mountain;1
9907;130;183;54;land;false;urban;1
9908;130;183;159;land;false;hills;2
9909;130;186;19;land;true;urban;1
9910;130;186;74;land;false;plains;2
9911;130;186;224;land;false;plains;2
9912;130;189;39;land;false;plains;7
9913;130;189;189;land;false;hills;6
9914;130;192;4;land;false;plains;1
9915;130;192;154;land;false;mountain;7
9916;130;192;209;land;true;hills;1
9917;130;195;69;land;false;plains;1
9918;130;195;174;land;false;forest;6
9919;130;195;219;land;true;forest;1
9920;130;198;34;land;false;plains;2
9921;130;198;139;land;false;hills;7
9922;130;198;184;land;false;mountain;1
9923;130;201;99;land;false;mountain;2
9924;130;201;149;land;true;hills;1
9925;130;201;204;land;false;plains;1
9926;130;204;64;land;false;hills;6
9927;130;204;169;land;false;plains;6
9928;130;207;29;land;false;hills;6
9929;130;207;84;land;false;mountain;7
9930;130;207;134;land;true;mountain;1
9931;130;210;49;land;false;forest;2
9932;130;210;94;land;true;mountain;7
9933;130;210;199;land;false;hills;1
9934;131;0;69;land;false;plains;6
9935;131;0;174;land;true;plains;6
9936;131;0;219;land;false;hills;6
9937;131;3;34;land;false;plains;6
9938;131;3;139;land;true;plains;6
9939;131;3;184;land;false;plains;6
9940;131;6;99;land;true;hills;1
9941;131;6;149;land;true;hills;7
9942;131;6;204;land;false;plains;6
9943;131;9;64;land;false;desert;5
9944;131;9;169;land;false;forest;6
9945;131;12;29;land;true;urban;5
9946;131;12;84;land;false;plains;6
9947;131;12;134;land;true;desert;7
9948;131;15;49;land;false;forest;6
9949;131;15;94;land;false;plains;2
9950;131;15;199;land;true;plains;6
9951;131;18;14;land;false;plains;6
9952;131;18;59;land;true;plains;6
9953;131;18;164;land;true;forest;6
9954;131;21;24;land;false;mountain;7
9955;131;21;79;land;true;mountain;6
9956;131;21;129;land;false;hills;6
9957;131;24;44;land;true;mountain;5
9958;131;24;194;land;false;plains;6
9959;131;27;9;land;false;plains;6
9960;131;27;159;land;false;mountain;5
9961;131;27;214;land;false;forest;6
9962;131;30;74;land;false;forest;5
9963;131;30;179;land;true;forest;6
9964;131;30;224;land;true;hills;5
9965;131;33;39;land;true;hills;6
9966;131;33;144;land;false;mountain;6
9967;131;33;189;land;false;mountain;2
9968;131;36;4;land;false;hills;6
9969;131;36;154;land;false;plains;6
9970;131;36;209;land;false;mountain;6
9971;131;39;69;land;true;hills;6
9972;131;39;174;land;false;mountain;6
9973;131;42;89;land;false;plains;6
9974;131;42;139;land;true;plains;6
9975;131;45;54;land;true;urban;6
9976;131;45;99;land;false;mountain;5
9977;131;45;204;land;false;desert;5
9978;131;48;19;land;true;plains;6
9979;131;48;64;land;true;urban;1
9980;131;48;169;land;true;plains;5
9981;131;51;29;land;false;plains;6
9982;131;51;84;land;false;mountain;6
9983;131;51;134;land;false;desert;5
9984;131;54;49;land;false;forest;6
9985;131;54;199;land;true;hills;6
9986;131;57;14;land;false;forest;5
9987;131;57;164;land;false;plains;6
9988;131;57;219;land;false;hills;6
9989;131;60;79;land;true;desert;5
9990;131;60;129;land;true;mountain;1
9991;131;60;184;land;true;forest;6
9992;131;63;44;land;true;mountain;5
9993;131;63;149;land;false;forest;6
9994;131;63;194;land;true;hills;5
9995;131;66;9;land;false;hills;6
9996;131;66;159;land;false;plains;2
9997;131;66;214;land;false;mountain;6
9998;131;69;74;land;true;urban;6
9999;131;69;179;land;false;plains;6
10000;131;72;39;land;true;urban;6
10001;131;72;94;land;true;plains;6
10002;131;72;144;land;false;desert;7
10003;131;75;4;land;false;plains;6
10004;131;75;59;land;true;forest;6
10005;131;75;209;land;true;plains;5
10006;131;78;24;land;false;plains;6
10007;131;78;69;land;true;plains;7
10008;131;78;174;land;false;forest;6
10009;131;81;34;land;false;hills;1
10010;131;81;89;land;true;plains;6
10011;131;81;139;land;true;plains;6
10012;131;84;54;land;false;mountain;6
10013;131;84;204;land;false;plains;5
10014;131;87;19;land;false;hills;6
10015;131;87;169;land;false;mountain;6
10016;131;87;224;land;true;forest;6
10017;131;90;84;land;false;plains;6
10018;131;90;134;land;true;hills;6
10019;131;90;189;land;false;forest;6
10020;131;93;49;land;false;hills;6
10021;131;93;154;land;false;hills;6
10022;131;93;199;land;false;plains;6
10023;131;96;14;land;false;plains;5
10024;131;96;164;land;true;plains;1
10025;131;96;219;land;false;forest;5
10026;131;99;79;land;true;desert;5
10027;131;99;129;land;true;mountain;1
10028;131;99;184;land;false;desert;5
10029;131;102;44;land;false;plains;2
10030;131;102;99;land;false;plains;6
10031;131;102;149;land;false;desert;5
10032;131;105;9;land;true;hills;6
10033;131;105;64;land;false;mountain;6
10034;131;105;214;land;false;hills;6
10035;131;108;29;land;true;forest;6
10036;131;108;74;land;false;plains;6
10037;131;108;179;land;false;desert;5
10038;131;111;39;land;true;hills;7
10039;131;111;94;land;false;mountain;6
10040;131;111;144;land;false;hills;6
10041;131;114;4;land;false;mountain;7
10042;131;114;59;land;false;mountain;6
10043;131;114;209;land;false;hills;6
10044;131;117;24;land;false;forest;6
10045;131;117;174;land;false;hills;5
10046;131;120;89;land;true;desert;5
10047;131;120;139;land;true;plains;2
10048;131;120;194;land;true;plains;6
10049;131;123;54;land;false;desert;5
10050;131;123;159;land;false;forest;6
10051;131;123;204;land;false;plains;2
10052;131;126;19;land;true;hills;6
10053;131;126;169;land;false;hills;6
10054;131;126;224;land;false;mountain;6
10055;131;129;84;land;true;hills;6
10056;131;129;134;land;true;mountain;7
10057;131;129;189;land;false;forest;6
10058;131;132;154;land;true;mountain;6
10059;131;135;14;land;false;mountain;5
10060;131;135;69;land;false;forest;6
10061;131;135;219;land;true;desert;5
10062;131;138;34;land;true;urban;6
10063;131;138;79;land;true;mountain;1
10064;131;138;184;land;false;plains;6
10065;131;141;44;land;true;hills;6
10066;131;141;99;land;false;plains;6
10067;131;141;149;land;false;desert;5
10068;131;144;9;land;true;urban;6
10069;131;144;64;land;true;hills;6
10070;131;144;214;land;true;plains;5
10071;131;147;29;land;false;jungle;5
10072;131;147;179;land;false;hills;6
10073;131;150;94;land;false;plains;5
10074;131;150;144;land;true;urban;1
10075;131;150;199;land;false;mountain;6
10076;131;153;59;land;true;urban;6
10077;131;153;164;land;false;plains;6
10078;131;153;209;land;true;mountain;5
10079;131;156;24;land;false;plains;6
10080;131;156;129;land;false;plains;6
10081;131;156;174;land;false;forest;2
10082;131;159;89;land;false;desert;5
10083;131;159;139;land;false;hills;6
10084;131;159;194;land;false;hills;6
10085;131;162;54;land;false;hills;6
10086;131;162;159;land;false;mountain;6
10087;131;165;19;land;true;plains;7
10088;131;165;74;land;true;forest;6
10089;131;165;224;land;false;mountain;7
10090;131;168;39;land;false;mountain;6
10091;131;168;84;land;true;plains;5
10092;131;168;189;land;true;hills;6
10093;131;171;4;land;true;plains;6
10094;131;171;49;land;false;plains;1
10095;131;171;154;land;false;plains;6
10096;131;174;14;land;false;plains;2
10097;131;174;69;land;false;mountain;5
10098;131;174;219;land;false;hills;6
10099;131;177;34;land;true;mountain;7
10100;131;177;184;land;false;mountain;6
10101;131;180;99;land;false;hills;6
10102;131;180;149;land;false;hills;6
10103;131;180;204;land;false;forest;6
10104;131;183;64;land;false;desert;5
10105;131;183;169;land;false;forest;6
10106;131;183;214;land;false;plains;7
10107;131;186;29;land;false;mountain;5
10108;131;186;134;land;false;desert;6
10109;131;186;179;land;true;plains;1
10110;131;189;94;land;true;plains;6
10111;131;189;144;land;false;hills;1
10112;131;189;199;land;false;mountain;6
10113;131;192;59;land;true;plains;5
10114;131;192;164;land;false;forest;6
10115;131;195;24;land;false;hills;6
10116;131;195;79;land;true;plains;6
10117;131;195;129;land;true;desert;5
10118;131;198;44;land;true;plains;6
10119;131;198;89;land;false;plains;6
10120;131;198;194;land;true;mountain;5
10121;131;201;9;land;false;mountain;6
10122;131;201;54;land;true;plains;7
10123;131;201;159;land;true;hills;5
10124;131;204;74;land;true;plains;6
10125;131;204;224;land;true;urban;6
10126;131;207;39;land;true;mountain;5
10127;131;210;4;land;false;desert;5
10128;131;210;154;land;true;mountain;6
10129;131;210;209;land;false;plains;6
10130;132;0;24;land;false;mountain;6
10131;132;0;79;land;false;mountain;6
10132;132;0;129;land;false;plains;6
10133;132;3;44;land;false;plains;6
10134;132;3;89;land;false;forest;6
10135;132;3;194;land;true;hills;6
10136;132;6;9;land;false;forest;6
10137;132;6;54;land;true;hills;6
10138;132;6;159;land;true;jungle;6
10139;132;9;19;land;false;plains;6
10140;132;9;74;land;false;plains;6
10141;132;9;224;land;true;jungle;6
10142;132;12;39;land;false;forest;6
10143;132;12;189;land;true;jungle;6
10144;132;15;4;land;false;forest;6
10145;132;15;154;land;true;plains;6
10146;132;15;209;land;false;desert;6
10147;132;18;69;land;true;jungle;4
10148;132;18;174;land;false;plains;6
10149;132;18;219;land;true;plains;6
10150;132;21;34;land;false;jungle;6
10151;132;21;139;land;false;mountain;2
10152;132;21;184;land;true;plains;6
10153;132;24;99;land;true;plains;6
10154;132;24;149;land;false;forest;6
10155;132;24;204;land;false;mountain;2
10156;132;27;64;land;true;hills;6
10157;132;27;169;land;true;plains;2
10158;132;30;29;land;true;hills;6
10159;132;30;84;land;false;mountain;2
10160;132;30;134;land;true;plains;4
10161;132;33;49;land;false;desert;6
10162;132;33;94;land;true;mountain;6
10163;132;33;199;land;true;plains;1
10164;132;36;14;land;false;desert;6
10165;132;36;59;land;false;plains;6
10166;132;36;164;land;true;jungle;4
10167;132;39;24;land;false;mountain;6
10168;132;39;79;land;false;plains;6
10169;132;39;129;land;true;jungle;6
10170;132;42;44;land;false;plains;6
10171;132;42;194;land;false;mountain;6
10172;132;45;9;land;false;mountain;2
10173;132;45;159;land;false;plains;6
10174;132;45;214;land;false;hills;2
10175;132;48;74;land;true;jungle;6
10176;132;48;179;land;false;plains;2
10177;132;48;224;land;false;plains;6
10178;132;51;39;land;true;jungle;6
10179;132;51;144;land;false;desert;6
10180;132;51;189;land;false;mountain;6
10181;132;54;4;land;true;jungle;6
10182;132;54;154;land;true;jungle;6
10183;132;54;209;land;true;forest;2
10184;132;57;69;land;true;plains;6
10185;132;57;174;land;false;mountain;6
10186;132;60;34;land;true;jungle;6
10187;132;60;89;land;false;mountain;6
10188;132;60;139;land;true;plains;6
10189;132;63;54;land;false;forest;6
10190;132;63;99;land;true;mountain;6
10191;132;63;204;land;true;jungle;6
10192;132;66;19;land;false;plains;2
10193;132;66;64;land;false;hills;6
10194;132;66;169;land;true;mountain;6
10195;132;69;29;land;false;forest;6
10196;132;69;84;land;false;plains;6
10197;132;69;134;land;true;jungle;6
10198;132;72;49;land;false;mountain;2
10199;132;72;199;land;true;jungle;6
10200;132;75;14;land;false;plains;6
10201;132;75;164;land;true;plains;6
10202;132;75;219;land;false;plains;6
10203;132;78;79;land;true;plains;1
10204;132;78;129;land;false;forest;6
10205;132;78;184;land;false;hills;6
10206;132;81;44;land;true;jungle;4
10207;132;81;149;land;true;forest;6
10208;132;81;194;land;false;plains;6
10209;132;84;9;land;false;jungle;6
10210;132;84;159;land;false;plains;6
10211;132;84;214;land;false;plains;6
10212;132;87;74;land;true;jungle;6
10213;132;87;179;land;false;plains;6
10214;132;90;39;land;true;mountain;6
10215;132;90;94;land;false;plains;6
10216;132;90;144;land;false;mountain;6
10217;132;93;4;land;true;jungle;6
10218;132;93;59;land;false;desert;6
10219;132;93;209;land;true;plains;6
10220;132;96;24;land;false;desert;6
10221;132;96;69;land;false;plains;6
10222;132;96;174;land;true;plains;6
10223;132;99;34;land;true;jungle;6
10224;132;99;89;land;false;plains;6
10225;132;99;139;land;true;jungle;6
10226;132;102;54;land;false;forest;6
10227;132;102;204;land;false;jungle;6
10228;132;105;19;land;true;mountain;2
10229;132;105;169;land;true;plains;6
10230;132;105;224;land;false;hills;2
10231;132;108;84;land;true;mountain;4
10232;132;108;134;land;true;hills;6
10233;132;108;189;land;true;forest;2
10234;132;111;49;land;true;jungle;4
10235;132;111;154;land;false;plains;6
10236;132;111;199;land;true;jungle;6
10237;132;114;14;land;true;jungle;6
10238;132;114;164;land;false;forest;6
10239;132;114;219;land;false;plains;6
10240;132;117;79;land;true;jungle;6
10241;132;117;129;land;true;jungle;6
10242;132;117;184;land;true;mountain;2
10243;132;120;44;land;true;mountain;6
10244;132;120;99;land;true;forest;2
10245;132;120;149;land;true;mountain;2
10246;132;123;9;land;false;plains;6
10247;132;123;64;land;false;forest;2
10248;132;123;214;land;true;plains;4
10249;132;126;29;land;false;forest;2
10250;132;126;74;land;false;plains;6
10251;132;126;179;land;true;mountain;4
10252;132;129;39;land;true;jungle;6
10253;132;129;94;land;false;plains;6
10254;132;129;144;land;true;plains;3
10255;132;132;4;land;true;forest;6
10256;132;132;59;land;false;plains;6
10257;132;132;209;land;false;mountain;6
10258;132;135;24;land;true;mountain;2
10259;132;135;174;land;false;plains;6
10260;132;138;89;land;true;jungle;4
10261;132;138;139;land;false;forest;6
10262;132;138;194;land;false;desert;6
10263;132;141;54;land;true;plains;6
10264;132;141;159;land;false;desert;6
10265;132;141;204;land;true;urban;6
10266;132;144;19;land;false;jungle;6
10267;132;144;169;land;true;marsh;6
10268;132;144;224;land;false;desert;6
10269;132;147;84;land;false;mountain;6
10270;132;147;134;land;false;hills;6
10271;132;147;189;land;true;forest;2
10272;132;150;49;land;true;jungle;6
10273;132;150;154;land;false;mountain;2
10274;132;153;14;land;false;plains;6
10275;132;153;69;land;false;desert;6
10276;132;153;219;land;true;plains;4
10277;132;156;34;land;false;desert;6
10278;132;156;79;land;true;urban;6
10279;132;156;184;land;true;plains;6
10280;132;159;44;land;true;jungle;6
10281;132;159;99;land;false;hills;2
10282;132;159;149;land;true;jungle;6
10283;132;162;9;land;false;forest;6
10284;132;162;64;land;false;plains;6
10285;132;162;214;land;true;jungle;6
10286;132;165;29;land;false;forest;6
10287;132;165;179;land;false;mountain;6
10288;132;168;94;land;true;forest;4
10289;132;168;144;land;false;jungle;6
10290;132;168;199;land;false;desert;6
10291;132;171;59;land;true;jungle;4
10292;132;171;164;land;false;plains;6
10293;132;171;209;land;false;jungle;6
10294;132;174;24;land;false;jungle;6
10295;132;174;129;land;false;desert;6
10296;132;174;174;land;false;forest;6
10297;132;177;89;land;true;jungle;6
10298;132;177;139;land;false;jungle;6
10299;132;177;194;land;false;forest;6
10300;132;180;54;land;true;mountain;6
10301;132;180;159;land;false;forest;6
10302;132;183;19;land;true;jungle;6
10303;132;183;74;land;true;forest;2
10304;132;183;224;land;false;plains;6
10305;132;186;39;land;false;desert;2
10306;132;186;84;land;true;plains;6
10307;132;186;189;land;true;mountain;6
10308;132;189;4;land;false;plains;6
10309;132;189;49;land;true;hills;6
10310;132;189;154;land;true;jungle;6
10311;132;192;14;land;false;plains;6
10312;132;192;69;land;false;plains;6
10313;132;192;219;land;true;jungle;6
10314;132;195;34;land;false;forest;6
10315;132;195;184;land;false;mountain;6
10316;132;198;99;land;false;hills;4
10317;132;198;149;land;true;plains;6
10318;132;198;204;land;false;forest;2
10319;132;201;64;land;true;jungle;4
10320;132;201;169;land;false;hills;2
10321;132;201;214;land;true;plains;6
10322;132;204;29;land;false;jungle;6
10323;132;204;134;land;false;forest;1
10324;132;204;179;land;false;plains;6
10325;132;207;94;land;true;jungle;6
10326;132;207;144;land;false;forest;6
10327;132;207;199;land;false;plains;2
10328;132;210;59;land;true;mountain;6
10329;132;210;164;land;false;mountain;6
10330;133;0;34;land;false;forest;6
10331;133;0;184;land;false;forest;6
10332;133;3;99;land;false;forest;6
10333;133;3;149;land;false;plains;2
10334;133;3;204;land;true;forest;4
10335;133;6;64;land;false;plains;6
10336;133;6;169;land;false;desert;4
10337;133;9;29;land;true;urban;2
10338;133;9;134;land;true;forest;4
10339;133;9;179;land;false;plains;2
10340;133;12;94;land;false;plains;2
10341;133;12;144;land;false;hills;2
10342;133;12;199;land;true;desert;6
10343;133;15;59;land;false;mountain;2
10344;133;15;164;land;false;forest;6
10345;133;18;79;land;false;hills;3
10346;133;18;129;land;false;hills;6
10347;133;21;44;land;true;plains;3
10348;133;21;89;land;false;desert;6
10349;133;21;194;land;false;hills;6
10350;133;24;9;land;true;forest;4
10351;133;24;54;land;false;mountain;7
10352;133;24;159;land;true;forest;2
10353;133;27;19;land;false;desert;6
10354;133;27;74;land;true;mountain;6
10355;133;27;224;land;false;plains;2
10356;133;30;39;land;false;forest;6
10357;133;30;189;land;false;desert;6
10358;133;33;4;land;false;forest;6
10359;133;33;154;land;false;desert;6
10360;133;33;209;land;false;mountain;3
10361;133;36;69;land;false;plains;6
10362;133;36;174;land;true;plains;3
10363;133;36;219;land;false;forest;6
10364;133;39;34;land;false;hills;6
10365;133;39;139;land;true;forest;4
10366;133;39;184;land;false;desert;6
10367;133;42;99;land;false;mountain;6
10368;133;42;149;land;false;forest;6
10369;133;42;204;land;true;jungle;4
10370;133;45;64;land;false;forest;2
10371;133;45;169;land;false;mountain;6
10372;133;48;29;land;false;plains;6
10373;133;48;84;land;true;plains;4
10374;133;48;134;land;true;plains;3
10375;133;51;49;land;false;plains;3
10376;133;51;94;land;false;hills;6
10377;133;51;199;land;false;plains;6
10378;133;54;14;land;true;forest;4
10379;133;54;59;land;false;forest;6
10380;133;54;164;land;true;forest;2
10381;133;57;24;land;false;forest;2
10382;133;57;79;land;true;mountain;6
10383;133;57;129;land;false;desert;7
10384;133;60;44;land;false;forest;6
10385;133;60;194;land;true;forest;7
10386;133;63;9;land;false;plains;6
10387;133;63;159;land;false;mountain;2
10388;133;63;214;land;false;mountain;4
10389;133;66;74;land;false;mountain;6
10390;133;66;179;land;false;plains;3
10391;133;66;224;land;false;plains;2
10392;133;69;144;land;false;hills;3
10393;133;69;189;land;false;plains;2
10394;133;72;4;land;false;plains;2
10395;133;72;154;land;false;plains;6
10396;133;72;209;land;false;jungle;4
10397;133;75;69;land;false;plains;6
10398;133;75;174;land;false;forest;6
10399;133;78;34;land;false;mountain;7
10400;133;78;89;land;false;plains;5
10401;133;78;139;land;false;plains;6
10402;133;81;54;land;false;plains;3
10403;133;81;99;land;false;mountain;7
10404;133;81;204;land;false;plains;6
10405;133;84;19;land;true;forest;3
10406;133;84;64;land;true;desert;6
10407;133;84;169;land;true;forest;2
10408;133;87;29;land;false;mountain;6
10409;133;87;84;land;true;jungle;6
10410;133;87;134;land;false;plains;2
10411;133;90;49;land;false;plains;6
10412;133;90;199;land;false;forest;2
10413;133;93;14;land;false;hills;6
10414;133;93;164;land;false;desert;6
10415;133;93;219;land;true;mountain;5
10416;133;96;79;land;false;plains;6
10417;133;96;129;land;false;mountain;6
10418;133;96;184;land;false;plains;3
10419;133;99;149;land;true;forest;3
10420;133;99;194;land;false;desert;6
10421;133;102;9;land;false;hills;6
10422;133;102;159;land;false;mountain;2
10423;133;102;214;land;true;jungle;4
10424;133;105;74;land;false;hills;6
10425;133;105;179;land;false;plains;6
10426;133;108;39;land;false;mountain;6
10427;133;108;94;land;false;mountain;4
10428;133;108;144;land;false;forest;6
10429;133;111;4;land;false;mountain;6
10430;133;111;59;land;false;mountain;4
10431;133;111;209;land;false;mountain;6
10432;133;114;24;land;true;mountain;3
10433;133;114;69;land;false;urban;6
10434;133;114;174;land;false;plains;6
10435;133;117;34;land;false;plains;6
10436;133;117;89;land;false;mountain;4
10437;133;117;139;land;false;plains;2
10438;133;120;54;land;false;plains;6
10439;133;120;204;land;false;mountain;2
10440;133;123;19;land;true;plains;3
10441;133;123;169;land;false;hills;2
10442;133;123;224;land;false;desert;5
10443;133;126;84;land;false;plains;6
10444;133;126;134;land;true;hills;6
10445;133;126;189;land;true;mountain;4
10446;133;129;49;land;false;forest;6
10447;133;129;154;land;true;plains;3
10448;133;129;199;land;false;plains;2
10449;133;132;14;land;false;forest;2
10450;133;132;219;land;true;mountain;6
10451;133;135;79;land;false;desert;6
10452;133;135;129;land;false;desert;6
10453;133;135;184;land;false;forest;6
10454;133;138;44;land;false;hills;7
10455;133;138;99;land;false;plains;4
10456;133;138;149;land;false;forest;6
10457;133;141;9;land;false;plains;2
10458;133;141;64;land;true;mountain;4
10459;133;141;214;land;false;plains;6
10460;133;144;29;land;true;plains;4
10461;133;144;74;land;false;hills;2
10462;133;144;179;land;false;forest;6
10463;133;147;39;land;false;plains;6
10464;133;147;94;land;true;mountain;6
10465;133;147;144;land;false;plains;2
10466;133;150;4;land;false;plains;6
10467;133;150;59;land;false;forest;6
10468;133;150;209;land;false;mountain;2
10469;133;153;24;land;false;plains;6
10470;133;153;174;land;false;desert;6
10471;133;156;89;land;false;mountain;6
10472;133;156;139;land;false;plains;7
10473;133;156;194;land;false;desert;4
10474;133;159;54;land;false;hills;6
10475;133;159;159;land;true;plains;4
10476;133;159;204;land;false;mountain;6
10477;133;162;19;land;false;plains;2
10478;133;162;169;land;false;hills;2
10479;133;162;224;land;true;mountain;6
10480;133;165;84;land;false;forest;6
10481;133;165;134;land;false;hills;2
10482;133;165;189;land;true;jungle;3
10483;133;168;49;land;false;mountain;2
10484;133;168;154;land;true;plains;3
10485;133;171;14;land;false;desert;6
10486;133;171;219;land;false;plains;6
10487;133;174;34;land;true;forest;4
10488;133;174;79;land;false;mountain;6
10489;133;174;184;land;true;plains;2
10490;133;177;44;land;false;mountain;6
10491;133;177;99;land;false;mountain;6
10492;133;177;149;land;false;plains;2
10493;133;180;9;land;false;forest;1
10494;133;180;64;land;true;jungle;3
10495;133;180;214;land;false;hills;2
10496;133;183;29;land;false;mountain;6
10497;133;183;179;land;false;mountain;7
10498;133;186;94;land;true;plains;3
10499;133;186;144;land;false;mountain;6
10500;133;186;199;land;false;mountain;4
10501;133;189;59;land;false;forest;6
10502;133;189;164;land;true;plains;3
10503;133;189;209;land;false;hills;6
10504;133;192;24;land;false;forest;2
10505;133;192;129;land;true;jungle;4
10506;133;192;174;land;false;desert;6
10507;133;195;89;land;false;mountain;6
10508;133;195;139;land;false;desert;6
10509;133;195;194;land;true;mountain;6
10510;133;198;54;land;false;mountain;6
10511;133;198;159;land;false;forest;6
10512;133;201;19;land;true;hills;6
10513;133;201;74;land;false;urban;3
10514;133;201;224;land;false;forest;6
10515;133;204;39;land;true;marsh;3
10516;133;204;84;land;false;plains;2
10517;133;204;189;land;false;plains;6
10518;133;207;4;land;false;forest;4
10519;133;207;49;land;false;hills;6
10520;133;207;154;land;true;forest;2
10521;133;210;14;land;false;forest;6
10522;133;210;69;land;true;plains;6
10523;133;210;219;land;false;mountain;7
10524;134;0;89;land;false;forest;6
10525;134;0;139;land;false;plains;5
10526;134;0;194;land;false;plains;2
10527;134;3;54;land;false;forest;2
10528;134;3;159;land;false;hills;6
10529;134;6;19;land;false;forest;6
10530;134;6;74;land;false;mountain;6
10531;134;6;224;land;false;forest;6
10532;134;9;39;land;false;plains;2
10533;134;9;84;land;false;marsh;6
10534;134;9;189;land;true;forest;2
10535;134;12;4;land;false;desert;2
10536;134;12;49;land;false;marsh;6
10537;134;12;154;land;false;plains;6
10538;134;15;14;land;false;marsh;5
10539;134;15;69;land;false;mountain;6
10540;134;15;219;land;true;plains;6
10541;134;18;34;land;false;hills;6
10542;134;18;184;land;false;forest;6
10543;134;21;99;land;false;hills;6
10544;134;21;149;land;false;forest;6
10545;134;21;204;land;false;mountain;6
10546;134;24;64;land;false;plains;6
10547;134;24;169;land;false;desert;6
10548;134;24;214;land;true;mountain;2
10549;134;27;29;land;false;forest;6
10550;134;27;134;land;false;desert;6
10551;134;27;179;land;false;mountain;6
10552;134;30;94;land;false;plains;2
10553;134;30;144;land;false;mountain;4
10554;134;30;199;land;false;forest;6
10555;134;33;59;land;false;forest;6
10556;134;33;164;land;false;mountain;2
10557;134;36;24;land;false;forest;6
10558;134;36;79;land;false;desert;6
10559;134;36;129;land;false;forest;6
10560;134;39;44;land;false;mountain;6
10561;134;39;89;land;false;marsh;6
10562;134;39;194;land;false;forest;6
10563;134;42;9;land;false;desert;6
10564;134;42;54;land;false;marsh;6
10565;134;42;159;land;false;forest;6
10566;134;45;19;land;false;plains;5
10567;134;45;74;land;false;mountain;6
10568;134;45;224;land;false;plains;6
10569;134;48;39;land;false;plains;2
10570;134;48;189;land;false;forest;6
10571;134;51;4;land;false;forest;6
10572;134;51;154;land;false;forest;6
10573;134;51;209;land;false;mountain;2
10574;134;54;69;land;false;mountain;6
10575;134;54;174;land;false;plains;6
10576;134;54;219;land;false;forest;6
10577;134;57;34;land;true;forest;6
10578;134;57;139;land;false;plains;6
10579;134;57;184;land;false;forest;6
10580;134;60;99;land;false;plains;6
10581;134;60;149;land;false;mountain;4
10582;134;60;204;land;false;mountain;2
10583;134;63;64;land;false;mountain;6
10584;134;63;169;land;false;desert;6
10585;134;66;29;land;false;marsh;2
10586;134;66;84;land;false;plains;2
10587;134;66;134;land;false;plains;2
10588;134;69;49;land;false;mountain;2
10589;134;69;94;land;false;forest;6
10590;134;69;199;land;false;forest;6
10591;134;72;14;land;false;desert;2
10592;134;72;59;land;false;marsh;6
10593;134;72;164;land;false;hills;2
10594;134;75;24;land;false;forest;5
10595;134;75;79;land;false;plains;2
10596;134;75;129;land;false;forest;6
10597;134;78;44;land;false;mountain;6
10598;134;78;194;land;true;mountain;6
10599;134;81;9;land;true;forest;2
10600;134;81;159;land;false;forest;6
10601;134;81;214;land;false;plains;6
10602;134;84;74;land;false;mountain;2
10603;134;84;179;land;false;desert;6
10604;134;84;224;land;false;plains;6
10605;134;87;39;land;true;marsh;2
10606;134;87;144;land;false;plains;2
10607;134;87;189;land;false;forest;6
10608;134;90;4;land;false;forest;6
10609;134;90;154;land;true;hills;4
10610;134;90;209;land;false;hills;6
10611;134;93;69;land;false;hills;2
10612;134;93;174;land;false;plains;6
10613;134;96;34;land;false;plains;6
10614;134;96;89;land;false;mountain;6
10615;134;96;139;land;false;plains;2
10616;134;99;54;land;false;forest;6
10617;134;99;99;land;false;forest;6
10618;134;99;204;land;false;plains;2
10619;134;102;19;land;false;desert;6
10620;134;102;64;land;false;marsh;6
10621;134;102;169;land;true;forest;2
10622;134;105;29;land;true;plains;4
10623;134;105;84;land;false;forest;6
10624;134;105;134;land;false;hills;2
10625;134;108;49;land;false;desert;2
10626;134;108;199;land;false;forest;6
10627;134;111;14;land;false;forest;6
10628;134;111;164;land;false;forest;6
10629;134;111;219;land;false;desert;6
10630;134;114;79;land;false;plains;6
10631;134;114;129;land;false;forest;6
10632;134;114;184;land;false;desert;6
10633;134;117;44;land;false;plains;6
10634;134;117;149;land;false;mountain;6
10635;134;117;194;land;false;forest;6
10636;134;120;9;land;true;plains;2
10637;134;120;159;land;true;plains;4
10638;134;120;214;land;false;mountain;6
10639;134;123;74;land;false;plains;6
10640;134;123;179;land;false;mountain;2
10641;134;126;39;land;false;forest;6
10642;134;126;94;land;false;mountain;2
10643;134;126;144;land;false;forest;6
10644;134;129;4;land;false;forest;2
10645;134;129;59;land;false;desert;2
10646;134;129;209;land;false;plains;6
10647;134;132;24;land;false;plains;6
10648;134;132;69;land;false;forest;6
10649;134;132;174;land;false;forest;6
10650;134;135;34;land;true;mountain;4
10651;134;135;89;land;false;desert;2
10652;134;135;139;land;false;plains;6
10653;134;138;54;land;false;desert;6
10654;134;138;204;land;false;mountain;6
10655;134;141;19;land;false;plains;6
10656;134;141;169;land;false;plains;2
10657;134;141;224;land;false;hills;2
10658;134;144;84;land;false;forest;6
10659;134;144;134;land;false;forest;6
10660;134;144;189;land;false;mountain;6
10661;134;147;49;land;false;forest;6
10662;134;147;154;land;false;mountain;2
10663;134;147;199;land;false;marsh;6
10664;134;150;14;land;false;forest;6
10665;134;150;164;land;true;plains;4
10666;134;150;219;land;false;plains;2
10667;134;153;79;land;false;mountain;6
10668;134;153;129;land;false;plains;5
10669;134;153;184;land;false;plains;6
10670;134;156;44;land;false;forest;6
10671;134;156;99;land;false;desert;6
10672;134;156;149;land;false;mountain;2
10673;134;159;9;land;false;forest;6
10674;134;159;64;land;false;desert;6
10675;134;159;214;land;false;forest;6
10676;134;162;29;land;false;plains;2
10677;134;162;74;land;false;mountain;6
10678;134;162;179;land;false;forest;6
10679;134;165;39;land;true;mountain;2
10680;134;165;94;land;false;desert;6
10681;134;165;144;land;false;forest;6
10682;134;168;4;land;false;hills;4
10683;134;168;59;land;false;forest;6
10684;134;168;209;land;false;plains;2
10685;134;171;24;land;false;plains;2
10686;134;171;174;land;false;plains;6
10687;134;174;89;land;false;mountain;2
10688;134;174;139;land;false;forest;6
10689;134;174;194;land;false;desert;6
10690;134;177;54;land;false;hills;2
10691;134;177;159;land;false;desert;6
10692;134;177;204;land;false;marsh;6
10693;134;180;19;land;false;forest;2
10694;134;180;169;land;true;hills;2
10695;134;180;224;land;false;mountain;6
10696;134;183;84;land;false;plains;6
10697;134;183;134;land;false;desert;5
10698;134;183;189;land;false;forest;6
10699;134;186;49;land;false;forest;6
10700;134;186;154;land;false;forest;2
10701;134;189;14;land;false;forest;6
10702;134;189;69;land;false;plains;2
10703;134;189;219;land;false;forest;2
10704;134;192;34;land;false;hills;6
10705;134;192;79;land;false;forest;6
10706;134;192;184;land;false;hills;2
10707;134;195;44;land;true;mountain;2
10708;134;195;99;land;false;plains;6
10709;134;195;149;land;false;hills;2
10710;134;198;9;land;true;hills;4
10711;134;198;64;land;false;plains;2
10712;134;198;214;land;false;plains;6
10713;134;201;29;land;false;hills;6
10714;134;201;179;land;false;forest;6
10715;134;204;94;land;true;forest;2
10716;134;204;144;land;false;forest;6
10717;134;204;199;land;false;plains;2
10718;134;207;59;land;true;forest;2
10719;134;207;164;land;false;plains;2
10720;134;207;209;land;false;forest;6
10721;134;210;24;land;true;marsh;2
10722;134;210;129;land;false;plains;6
10723;134;210;174;land;false;forest;6
10724;135;0;44;land;false;desert;6
10725;135;0;99;land;false;desert;5
10726;135;0;149;land;false;mountain;6
10727;135;3;9;land;false;plains;2
10728;135;3;64;land;false;hills;3
10729;135;3;214;land;false;hills;6
10730;135;6;29;land;true;plains;2
10731;135;6;179;land;false;desert;5
10732;135;9;94;land;true;jungle;2
10733;135;9;144;land;false;mountain;6
10734;135;9;199;land;false;mountain;5
10735;135;12;59;land;false;desert;6
10736;135;12;164;land;false;jungle;3
10737;135;12;209;land;false;mountain;6
10738;135;15;24;land;false;mountain;2
10739;135;15;129;land;false;plains;5
10740;135;15;174;land;false;mountain;2
10741;135;18;89;land;false;desert;6
10742;135;18;139;land;false;desert;6
10743;135;18;194;land;false;plains;5
10744;135;21;54;land;false;desert;7
10745;135;21;159;land;false;desert;5
10746;135;24;19;land;false;mountain;2
10747;135;24;74;land;false;mountain;3
10748;135;24;224;land;false;desert;7
10749;135;27;39;land;false;desert;5
10750;135;27;84;land;false;desert;6
10751;135;27;189;land;false;plains;6
10752;135;30;4;land;true;mountain;7
10753;135;30;49;land;false;forest;2
10754;135;30;154;land;false;desert;5
10755;135;33;14;land;false;desert;6
10756;135;33;69;land;false;plains;6
10757;135;33;219;land;false;forest;6
10758;135;36;34;land;false;plains;5
10759;135;36;184;land;false;desert;7
10760;135;39;99;land;true;mountain;7
10761;135;39;149;land;false;desert;5
10762;135;39;204;land;true;jungle;5
10763;135;42;64;land;false;plains;6
10764;135;42;169;land;false;forest;5
10765;135;42;214;land;false;plains;2
10766;135;45;29;land;false;jungle;5
10767;135;45;134;land;true;jungle;3
10768;135;45;179;land;true;forest;7
10769;135;48;94;land;false;plains;2
10770;135;48;144;land;false;desert;6
10771;135;48;199;land;false;plains;5
10772;135;51;59;land;false;plains;6
10773;135;51;164;land;false;mountain;2
10774;135;54;24;land;false;desert;7
10775;135;54;79;land;false;hills;5
10776;135;54;129;land;false;plains;6
10777;135;57;44;land;true;desert;5
10778;135;57;89;land;false;forest;2
10779;135;57;194;land;false;desert;5
10780;135;60;9;land;false;plains;5
10781;135;60;54;land;false;mountain;6
10782;135;60;159;land;false;mountain;7
10783;135;63;19;land;false;desert;2
10784;135;63;74;land;false;plains;5
10785;135;63;224;land;false;desert;5
10786;135;66;39;land;false;mountain;7
10787;135;66;189;land;false;plains;6
10788;135;69;4;land;false;desert;5
10789;135;69;154;land;false;mountain;6
10790;135;69;209;land;false;mountain;3
10791;135;72;69;land;true;desert;7
10792;135;72;174;land;false;jungle;3
10793;135;72;219;land;false;hills;7
10794;135;75;34;land;false;plains;6
10795;135;75;139;land;false;plains;5
10796;135;75;184;land;false;mountain;6
10797;135;78;99;land;true;mountain;7
10798;135;78;149;land;false;plains;2
10799;135;78;204;land;false;plains;6
10800;135;81;64;land;false;desert;2
10801;135;81;169;land;false;plains;6
10802;135;84;29;land;false;mountain;6
10803;135;84;84;land;true;jungle;5
10804;135;84;134;land;false;desert;7
10805;135;87;49;land;false;plains;5
10806;135;87;94;land;false;mountain;7
10807;135;87;199;land;false;plains;6
10808;135;90;14;land;false;plains;6
10809;135;90;59;land;false;desert;2
10810;135;90;164;land;false;mountain;6
10811;135;93;24;land;false;plains;7
10812;135;93;79;land;false;plains;5
10813;135;93;129;land;false;desert;6
10814;135;96;44;land;false;desert;5
10815;135;96;194;land;false;desert;7
10816;135;99;9;land;false;plains;6
10817;135;99;159;land;false;plains;6
10818;135;99;214;land;true;desert;5
10819;135;102;74;land;false;mountain;6
10820;135;102;179;land;false;mountain;5
10821;135;102;224;land;false;mountain;6
10822;135;105;39;land;false;plains;6
10823;135;105;144;land;true;plains;3
10824;135;105;189;land;false;hills;2
10825;135;108;4;land;false;mountain;6
10826;135;108;154;land;false;mountain;6
10827;135;108;209;land;false;plains;5
10828;135;111;69;land;false;mountain;7
10829;135;111;174;land;false;plains;5
10830;135;114;34;land;false;mountain;2
10831;135;114;89;land;true;jungle;5
10832;135;114;139;land;false;plains;2
10833;135;117;54;land;true;mountain;5
10834;135;117;99;land;false;desert;6
10835;135;117;204;land;false;mountain;7
10836;135;120;19;land;false;plains;5
10837;135;120;64;land;false;urban;7
10838;135;120;169;land;false;desert;5
10839;135;123;29;land;false;mountain;6
10840;135;123;84;land;true;mountain;7
10841;135;123;134;land;false;mountain;6
10842;135;126;49;land;false;mountain;3
10843;135;126;199;land;false;hills;6
10844;135;129;14;land;false;desert;5
10845;135;129;164;land;false;hills;5
10846;135;129;219;land;false;mountain;3
10847;135;132;79;land;false;desert;6
10848;135;132;129;land;true;desert;2
10849;135;132;184;land;false;mountain;3
10850;135;135;44;land;false;desert;7
10851;135;135;149;land;false;plains;5
10852;135;135;194;land;false;mountain;6
10853;135;138;9;land;false;mountain;2
10854;135;138;159;land;false;desert;6
10855;135;138;214;land;true;hills;3
10856;135;141;74;land;false;desert;6
10857;135;141;179;land;false;forest;5
10858;135;144;39;land;false;jungle;5
10859;135;144;94;land;false;plains;5
10860;135;144;144;land;false;mountain;5
10861;135;147;4;land;false;plains;2
10862;135;147;59;land;true;jungle;5
10863;135;147;209;land;false;mountain;6
10864;135;150;24;land;true;jungle;3
10865;135;150;69;land;false;mountain;6
10866;135;150;174;land;false;desert;6
10867;135;153;34;land;false;plains;2
10868;135;153;89;land;false;desert;5
10869;135;153;139;land;false;desert;5
10870;135;156;54;land;false;desert;7
10871;135;156;204;land;false;mountain;2
10872;135;159;19;land;false;forest;6
10873;135;159;169;land;false;desert;7
10874;135;159;224;land;true;jungle;3
10875;135;162;84;land;true;desert;5
10876;135;162;134;land;false;plains;7
10877;135;162;189;land;false;plains;5
10878;135;165;49;land;false;hills;6
10879;135;165;154;land;false;jungle;3
10880;135;165;199;land;false;mountain;6
10881;135;168;14;land;false;mountain;7
10882;135;168;164;land;false;desert;7
10883;135;168;219;land;false;jungle;5
10884;135;171;79;land;false;desert;5
10885;135;171;129;land;false;desert;6
10886;135;171;184;land;true;plains;3
10887;135;174;44;land;false;plains;6
10888;135;174;99;land;false;jungle;3
10889;135;174;149;land;true;jungle;2
10890;135;177;9;land;false;mountain;7
10891;135;177;64;land;true;desert;5
10892;135;177;214;land;false;desert;7
10893;135;180;29;land;false;desert;5
10894;135;180;74;land;false;mountain;2
10895;135;180;179;land;true;forest;2
10896;135;183;39;land;false;mountain;6
10897;135;183;94;land;false;plains;6
10898;135;183;144;land;false;plains;6
10899;135;186;4;land;false;desert;6
10900;135;186;59;land;false;desert;5
10901;135;186;209;land;false;desert;7
10902;135;189;24;land;false;mountain;5
10903;135;189;174;land;false;plains;6
10904;135;192;89;land;true;desert;7
10905;135;192;139;land;false;mountain;6
10906;135;192;194;land;true;jungle;3
10907;135;195;54;land;false;desert;5
10908;135;195;159;land;false;plains;5
10909;135;195;204;land;false;hills;2
10910;135;198;19;land;false;mountain;6
10911;135;198;169;land;false;mountain;6
10912;135;198;224;land;true;mountain;3
10913;135;201;84;land;false;mountain;7
10914;135;201;134;land;false;mountain;2
10915;135;201;189;land;false;plains;5
10916;135;204;49;land;false;mountain;2
10917;135;204;154;land;false;desert;5
10918;135;207;14;land;false;desert;6
10919;135;207;69;land;true;forest;5
10920;135;207;219;land;false;forest;6
10921;135;210;34;land;true;mountain;5
10922;135;210;79;land;false;mountain;7
10923;135;210;184;land;false;desert;7
10924;136;0;204;land;false;forest;3
10925;136;3;19;land;true;mountain;4
10926;136;3;169;land;false;hills;3
10927;136;6;84;land;false;plains;4
10928;136;6;134;land;true;plains;5
10929;136;9;49;land;false;forest;5
10930;136;12;14;land;false;mountain;5
10931;136;15;79;land;false;hills;3
10932;136;18;44;land;false;forest;5
10933;136;18;149;land;true;plains;3
10934;136;21;9;land;false;jungle;3
10935;136;21;214;land;false;desert;3
10936;136;24;179;land;false;forest;4
10937;136;27;144;land;false;plains;4
10938;136;30;209;land;false;mountain;3
10939;136;33;24;land;true;forest;3
10940;136;33;174;land;false;jungle;3
10941;136;36;89;land;false;forest;4
10942;136;36;139;land;false;jungle;3
10943;136;39;54;land;false;plains;3
10944;136;42;19;land;false;forest;3
10945;136;45;84;land;false;forest;3
10946;136;48;49;land;true;forest;3
10947;136;48;154;land;false;forest;3
10948;136;51;14;land;false;jungle;5
10949;136;51;219;land;false;hills;4
10950;136;54;184;land;false;hills;4
10951;136;57;149;land;false;jungle;5
10952;136;60;214;land;false;desert;3
10953;136;63;29;land;true;desert;3
10954;136;63;179;land;false;mountain;4
10955;136;66;94;land;false;desert;4
10956;136;66;144;land;false;jungle;3
10957;136;69;59;land;false;plains;5
10958;136;72;24;land;false;plains;4
10959;136;75;89;land;false;plains;3
10960;136;78;54;land;false;jungle;3
10961;136;78;159;land;true;mountain;3
10962;136;81;19;land;false;mountain;5
10963;136;81;224;land;false;mountain;5
10964;136;84;189;land;false;mountain;3
10965;136;87;154;land;false;forest;3
10966;136;90;219;land;false;mountain;5
10967;136;93;34;land;false;hills;3
10968;136;93;184;land;true;forest;5
10969;136;96;99;land;false;hills;4
10970;136;96;149;land;false;jungle;3
10971;136;99;64;land;true;plains;4
10972;136;102;29;land;false;forest;5
10973;136;105;94;land;false;forest;3
10974;136;108;59;land;true;mountain;4
10975;136;108;164;land;false;plains;3
10976;136;111;24;land;true;plains;5
10977;136;111;129;land;false;plains;4
10978;136;114;194;land;true;mountain;5
10979;136;117;159;land;false;plains;4
10980;136;120;224;land;true;urban;3
10981;136;123;39;land;true;desert;3
10982;136;123;189;land;false;jungle;3
10983;136;126;4;land;false;plains;4
10984;136;126;154;land;false;plains;3
10985;136;129;69;land;false;plains;3
10986;136;132;34;land;false;forest;3
10987;136;135;99;land;false;mountain;3
10988;136;138;64;land;false;forest;5
10989;136;138;169;land;false;hills;3
10990;136;141;29;land;false;mountain;4
10991;136;141;134;land;false;desert;4
10992;136;144;199;land;false;mountain;3
10993;136;147;164;land;true;hills;5
10994;136;150;129;land;false;forest;3
10995;136;153;44;land;true;plains;3
10996;136;153;194;land;false;jungle;3
10997;136;156;9;land;false;plains;4
10998;136;156;159;land;true;forest;3
10999;136;159;74;land;true;forest;3
11000;136;162;39;land;true;desert;3
11001;136;165;4;land;false;mountain;3
11002;136;168;69;land;true;forest;3
11003;136;168;174;land;false;forest;3
11004;136;171;34;land;false;mountain;4
11005;136;171;139;land;false;desert;3
11006;136;174;204;land;false;plains;4
11007;136;177;169;land;false;forest;3
11008;136;180;134;land;false;forest;3
11009;136;183;49;land;true;hills;3
11010;136;183;199;land;false;jungle;3
11011;136;186;14;land;true;plains;4
11012;136;186;164;land;false;forest;5
11013;136;189;79;land;false;desert;4
11014;136;189;129;land;false;desert;5
11015;136;192;44;land;true;mountain;5
11016;136;195;9;land;true;forest;4
11017;136;198;74;land;false;hills;5
11018;136;201;39;land;false;mountain;4
11019;136;201;144;land;false;plains;4
11020;136;204;4;land;false;mountain;3
11021;136;204;209;land;false;desert;3
11022;136;207;174;land;false;desert;3
11023;136;210;139;land;false;forest;3
11024;168;0;42;land;false;forest;1
11025;168;0;147;land;false;plains;6
11026;168;3;7;land;false;mountain;1
11027;168;3;62;land;false;forest;6
11028;168;3;212;land;false;forest;1
11029;168;6;27;land;false;plains;1
11030;168;6;72;land;false;forest;1
11031;168;9;37;land;false;forest;1
11032;168;9;92;land;false;forest;1
11033;168;9;142;land;false;forest;1
11034;168;12;2;land;true;plains;1
11035;168;12;57;land;false;forest;6
11036;168;12;207;land;false;forest;1
11037;168;15;22;land;false;mountain;1
11038;168;15;172;land;true;plains;1
11039;168;15;227;land;false;forest;1
11040;168;18;87;land;true;plains;1
11041;168;18;137;land;false;forest;1
11042;168;18;192;land;false;forest;1
11043;168;21;52;land;false;forest;1
11044;168;21;157;land;false;forest;1
11045;168;21;202;land;false;forest;1
11046;168;24;17;land;false;forest;1
11047;168;24;167;land;true;plains;6
11048;168;24;222;land;false;forest;1
11049;168;27;82;land;false;mountain;1
11050;168;27;132;land;true;mountain;1
11051;168;27;187;land;false;plains;6
11052;168;30;47;land;false;forest;1
11053;168;30;152;land;false;forest;1
11054;168;33;12;land;false;forest;1
11055;168;33;67;land;false;mountain;1
11056;168;33;217;land;false;forest;1
11057;168;36;32;land;false;forest;1
11058;168;36;77;land;false;mountain;1
11059;168;36;182;land;true;forest;1
11060;168;39;42;land;false;forest;1
11061;168;39;97;land;false;plains;6
11062;168;39;147;land;false;forest;1
11063;168;42;7;land;true;plains;1
11064;168;42;62;land;true;plains;1
11065;168;42;212;land;true;plains;1
11066;168;45;27;land;false;forest;1
11067;168;45;177;land;false;forest;1
11068;168;48;92;land;true;forest;1
11069;168;48;142;land;false;forest;1
11070;168;48;197;land;false;forest;1
11071;168;51;57;land;false;forest;1
11072;168;51;162;land;false;marsh;1
11073;168;51;207;land;false;forest;1
11074;168;54;22;land;false;forest;1
11075;168;54;227;land;false;plains;6
11076;168;57;87;land;false;forest;1
11077;168;57;137;land;true;hills;1
11078;168;57;192;land;false;plains;1
11079;168;60;52;land;false;forest;1
11080;168;60;157;land;false;forest;1
11081;168;63;17;land;true;forest;1
11082;168;63;72;land;true;plains;1
11083;168;63;222;land;false;forest;1
11084;168;66;37;land;false;forest;1
11085;168;66;82;land;false;forest;1
11086;168;66;187;land;false;plains;1
11087;168;69;2;land;false;forest;6
11088;168;69;47;land;false;forest;1
11089;168;69;152;land;false;forest;1
11090;168;72;12;land;true;mountain;1
11091;168;72;67;land;true;forest;1
11092;168;72;217;land;true;forest;1
11093;168;75;32;land;false;forest;1
11094;168;75;182;land;true;forest;1
11095;168;78;97;land;false;forest;1
11096;168;78;147;land;false;forest;1
11097;168;78;202;land;false;forest;1
11098;168;81;62;land;false;forest;6
11099;168;81;167;land;false;forest;1
11100;168;84;27;land;true;mountain;1
11101;168;84;132;land;false;mountain;1
11102;168;84;177;land;false;forest;1
11103;168;87;92;land;false;forest;1
11104;168;87;142;land;false;plains;1
11105;168;87;197;land;true;urban;1
11106;168;90;57;land;true;plains;3
11107;168;90;162;land;false;forest;1
11108;168;93;22;land;false;forest;5
11109;168;93;77;land;false;forest;1
11110;168;93;227;land;false;forest;6
11111;168;96;42;land;false;forest;6
11112;168;96;87;land;false;forest;1
11113;168;96;192;land;false;mountain;1
11114;168;99;7;land;false;forest;1
11115;168;99;52;land;false;forest;1
11116;168;99;157;land;false;mountain;1
11117;168;102;17;land;false;plains;1
11118;168;102;222;land;false;mountain;1
11119;168;105;37;land;true;plains;6
11120;168;105;187;land;false;forest;1
11121;168;108;152;land;true;forest;1
11122;168;108;207;land;false;plains;6
11123;168;111;67;land;false;forest;1
11124;168;111;172;land;false;forest;6
11125;168;111;217;land;true;forest;1
11126;168;114;32;land;true;plains;1
11127;168;114;137;land;true;plains;1
11128;168;114;182;land;false;mountain;1
11129;168;117;97;land;false;forest;1
11130;168;117;147;land;false;hills;1
11131;168;117;202;land;false;forest;1
11132;168;120;62;land;false;forest;1
11133;168;120;167;land;false;plains;6
11134;168;123;82;land;false;forest;1
11135;168;123;132;land;false;forest;1
11136;168;126;47;land;true;mountain;1
11137;168;126;92;land;false;plains;1
11138;168;126;197;land;false;forest;1
11139;168;129;12;land;false;forest;1
11140;168;129;57;land;true;marsh;1
11141;168;129;162;land;false;forest;1
11142;168;132;22;land;false;plains;1
11143;168;132;77;land;false;forest;1
11144;168;132;227;land;false;forest;1
11145;168;135;42;land;false;desert;5
11146;168;135;192;land;false;forest;1
11147;168;138;7;land;true;forest;1
11148;168;138;157;land;false;forest;1
11149;168;138;212;land;false;forest;6
11150;168;141;72;land;true;forest;1
11151;168;141;177;land;true;forest;1
11152;168;141;222;land;false;forest;1
11153;168;144;37;land;true;forest;1
11154;168;144;142;land;false;forest;1
11155;168;144;187;land;false;forest;1
11156;168;147;2;land;false;forest;1
11157;168;147;152;land;true;mountain;1
11158;168;147;207;land;false;plains;6
11159;168;150;67;land;true;forest;1
11160;168;150;172;land;true;plains;1
11161;168;153;87;land;true;mountain;1
11162;168;153;137;land;false;plains;1
11163;168;156;52;land;false;plains;1
11164;168;156;97;land;true;forest;1
11165;168;156;202;land;false;forest;1
11166;168;159;17;land;false;forest;1
11167;168;159;62;land;false;forest;1
11168;168;159;167;land;false;forest;1
11169;168;162;27;land;false;plains;1
11170;168;162;82;land;false;forest;6
11171;168;162;132;land;false;plains;1
11172;168;165;47;land;false;forest;1
11173;168;165;197;land;false;mountain;1
11174;168;168;12;land;false;forest;1
11175;168;168;162;land;false;forest;1
11176;168;168;217;land;true;forest;1
11177;168;171;77;land;false;plains;1
11178;168;171;227;land;false;forest;1
11179;168;174;42;land;false;forest;6
11180;168;174;147;land;false;plains;6
11181;168;174;192;land;false;forest;1
11182;168;177;7;land;false;forest;6
11183;168;177;157;land;true;plains;1
11184;168;177;212;land;false;plains;1
11185;168;180;72;land;false;forest;1
11186;168;180;177;land;true;forest;1
11187;168;183;37;land;false;forest;1
11188;168;183;92;land;false;forest;1
11189;168;183;142;land;false;forest;1
11190;168;186;2;land;false;forest;1
11191;168;186;57;land;false;forest;1
11192;168;186;207;land;false;plains;6
11193;168;189;22;land;false;plains;6
11194;168;189;67;land;false;hills;5
11195;168;189;172;land;false;forest;6
11196;168;192;32;land;true;marsh;1
11197;168;192;87;land;false;forest;1
11198;168;192;137;land;false;mountain;1
11199;168;195;202;land;false;forest;1
11200;168;198;17;land;false;forest;6
11201;168;198;167;land;true;forest;1
11202;168;198;222;land;false;forest;1
11203;168;201;82;land;false;forest;6
11204;168;201;132;land;false;forest;1
11205;168;201;187;land;false;forest;1
11206;168;204;47;land;false;mountain;1
11207;168;204;152;land;true;plains;1
11208;168;204;197;land;false;forest;1
11209;168;207;12;land;false;forest;1
11210;168;207;162;land;false;forest;1
11211;168;207;217;land;true;forest;1
11212;168;210;77;land;true;forest;1
11213;168;210;182;land;false;forest;1
11214;169;0;52;land;false;plains;1
11215;169;0;202;land;true;plains;1
11216;169;3;17;land;false;forest;1
11217;169;3;167;land;false;forest;1
11218;169;6;132;land;true;mountain;1
11219;169;6;187;land;false;plains;1
11220;169;9;47;land;false;plains;1
11221;169;9;152;land;false;plains;1
11222;169;9;197;land;false;forest;1
11223;169;12;12;land;false;mountain;6
11224;169;12;162;land;false;plains;1
11225;169;12;217;land;false;urban;6
11226;169;15;77;land;false;forest;1
11227;169;15;182;land;false;forest;1
11228;169;18;42;land;false;forest;6
11229;169;18;97;land;false;forest;1
11230;169;18;147;land;false;plains;1
11231;169;21;7;land;false;forest;1
11232;169;21;62;land;false;forest;1
11233;169;24;27;land;false;plains;1
11234;169;24;72;land;false;forest;1
11235;169;24;177;land;false;plains;1
11236;169;27;37;land;false;forest;1
11237;169;27;92;land;true;plains;1
11238;169;27;142;land;false;forest;1
11239;169;30;2;land;false;forest;1
11240;169;30;57;land;false;forest;6
11241;169;30;207;land;false;urban;1
11242;169;33;22;land;false;plains;1
11243;169;33;172;land;false;hills;6
11244;169;33;227;land;false;forest;1
11245;169;36;87;land;false;forest;1
11246;169;36;137;land;false;forest;1
11247;169;36;192;land;false;plains;1
11248;169;39;52;land;false;forest;1
11249;169;39;157;land;false;mountain;7
11250;169;39;202;land;false;forest;1
11251;169;42;17;land;true;plains;1
11252;169;42;167;land;false;forest;1
11253;169;42;222;land;false;forest;1
11254;169;45;82;land;false;forest;1
11255;169;45;132;land;false;forest;6
11256;169;45;187;land;false;plains;6
11257;169;48;47;land;false;hills;1
11258;169;48;152;land;false;forest;1
11259;169;51;12;land;false;marsh;1
11260;169;54;32;land;false;forest;1
11261;169;54;77;land;false;plains;6
11262;169;54;182;land;false;plains;1
11263;169;57;42;land;false;plains;6
11264;169;57;97;land;false;plains;1
11265;169;57;147;land;true;plains;1
11266;169;60;7;land;true;plains;1
11267;169;60;62;land;false;plains;1
11268;169;60;212;land;false;forest;1
11269;169;63;27;land;false;hills;6
11270;169;63;177;land;true;mountain;1
11271;169;66;92;land;false;plains;1
11272;169;66;142;land;false;forest;1
11273;169;69;57;land;false;forest;6
11274;169;69;162;land;false;forest;1
11275;169;69;207;land;false;forest;6
11276;169;72;227;land;false;plains;1
11277;169;75;87;land;false;plains;1
11278;169;75;137;land;true;forest;1
11279;169;75;192;land;false;hills;1
11280;169;78;52;land;false;forest;1
11281;169;78;157;land;false;forest;6
11282;169;81;17;land;false;forest;1
11283;169;81;72;land;false;plains;1
11284;169;81;222;land;false;plains;1
11285;169;84;37;land;false;marsh;1
11286;169;84;82;land;false;forest;6
11287;169;84;187;land;false;plains;1
11288;169;87;2;land;false;forest;1
11289;169;87;47;land;false;forest;1
11290;169;87;152;land;false;plains;1
11291;169;90;12;land;true;forest;1
11292;169;90;217;land;false;hills;6
11293;169;93;32;land;true;urban;1
11294;169;96;97;land;false;plains;1
11295;169;96;147;land;false;forest;1
11296;169;96;202;land;false;plains;1
11297;169;99;62;land;true;urban;1
11298;169;99;167;land;false;forest;1
11299;169;99;212;land;true;plains;1
11300;169;102;27;land;false;forest;1
11301;169;102;132;land;false;forest;1
11302;169;102;177;land;false;forest;1
11303;169;105;92;land;false;plains;1
11304;169;105;142;land;false;marsh;1
11305;169;105;197;land;true;plains;1
11306;169;108;162;land;false;mountain;1
11307;169;111;22;land;false;mountain;6
11308;169;111;77;land;false;plains;6
11309;169;111;227;land;false;hills;1
11310;169;114;42;land;false;plains;1
11311;169;114;87;land;false;forest;1
11312;169;114;192;land;false;hills;1
11313;169;117;7;land;false;marsh;1
11314;169;117;157;land;false;forest;1
11315;169;120;17;land;false;forest;1
11316;169;120;72;land;false;forest;1
11317;169;120;222;land;true;plains;1
11318;169;123;37;land;true;plains;1
11319;169;126;2;land;false;forest;6
11320;169;126;152;land;false;plains;6
11321;169;126;207;land;false;plains;6
11322;169;129;67;land;false;plains;1
11323;169;129;172;land;false;plains;1
11324;169;132;32;land;false;plains;1
11325;169;132;137;land;false;forest;1
11326;169;132;182;land;false;forest;1
11327;169;135;97;land;true;plains;1
11328;169;135;147;land;false;hills;6
11329;169;135;202;land;false;forest;1
11330;169;138;62;land;false;hills;1
11331;169;138;167;land;true;plains;1
11332;169;141;27;land;true;mountain;1
11333;169;141;82;land;false;urban;1
11334;169;141;132;land;true;plains;1
11335;169;144;47;land;false;plains;1
11336;169;144;197;land;false;forest;1
11337;169;147;12;land;false;plains;1
11338;169;147;57;land;false;forest;1
11339;169;147;162;land;false;forest;6
11340;169;150;22;land;false;forest;6
11341;169;150;77;land;false;plains;1
11342;169;150;227;land;false;forest;1
11343;169;153;42;land;true;plains;1
11344;169;153;192;land;false;plains;1
11345;169;156;7;land;false;plains;1
11346;169;156;212;land;false;plains;1
11347;169;159;72;land;false;forest;1
11348;169;159;177;land;false;plains;6
11349;169;159;222;land;false;urban;1
11350;169;162;37;land;true;plains;3
11351;169;162;142;land;false;forest;1
11352;169;162;187;land;false;plains;6
11353;169;165;2;land;false;plains;1
11354;169;165;152;land;false;forest;6
11355;169;165;207;land;false;forest;1
11356;169;168;67;land;false;plains;6
11357;169;168;172;land;false;forest;1
11358;169;171;32;land;false;forest;1
11359;169;171;87;land;false;plains;1
11360;169;171;137;land;true;marsh;1
11361;169;174;52;land;true;plains;1
11362;169;174;97;land;false;forest;1
11363;169;174;202;land;false;forest;1
11364;169;177;17;land;false;plains;6
11365;169;177;62;land;false;forest;6
11366;169;177;167;land;true;plains;1
11367;169;180;27;land;true;forest;1
11368;169;180;82;land;false;plains;1
11369;169;180;132;land;false;plains;1
11370;169;183;47;land;false;urban;1
11371;169;183;197;land;true;forest;1
11372;169;186;12;land;true;plains;1
11373;169;189;77;land;false;forest;6
11374;169;189;182;land;true;plains;1
11375;169;189;227;land;false;urban;6
11376;169;192;42;land;true;plains;1
11377;169;192;147;land;false;plains;6
11378;169;192;192;land;true;forest;1
11379;169;195;7;land;false;forest;1
11380;169;195;157;land;true;forest;1
11381;169;195;212;land;false;forest;1
11382;169;198;72;land;false;forest;1
11383;169;198;177;land;false;plains;1
11384;169;201;37;land;false;forest;1
11385;169;201;92;land;false;forest;1
11386;169;201;142;land;false;forest;1
11387;169;204;2;land;false;forest;6
11388;169;204;57;land;false;plains;1
11389;169;204;207;land;false;forest;6
11390;169;207;67;land;true;forest;1
11391;169;207;172;land;false;forest;1
11392;169;210;32;land;false;forest;1
11393;169;210;87;land;false;plains;6
11394;169;210;137;land;false;plains;1
11395;170;0;7;land;false;hills;6
11396;170;0;157;land;false;plains;1
11397;170;3;72;land;false;plains;1
11398;170;3;177;land;false;hills;1
11399;170;6;37;land;false;plains;1
11400;170;6;92;land;false;plains;1
11401;170;6;142;land;false;hills;1
11402;170;9;2;land;false;hills;1
11403;170;9;57;land;false;plains;1
11404;170;9;207;land;false;hills;1
11405;170;12;22;land;false;urban;1
11406;170;12;67;land;true;forest;1
11407;170;12;172;land;false;forest;1
11408;170;15;32;land;false;plains;1
11409;170;15;87;land;false;forest;1
11410;170;15;137;land;false;plains;6
11411;170;18;52;land;false;forest;1
11412;170;18;202;land;false;forest;1
11413;170;21;17;land;false;hills;1
11414;170;24;82;land;false;mountain;1
11415;170;24;132;land;false;forest;1
11416;170;24;187;land;false;plains;1
11417;170;27;47;land;false;plains;1
11418;170;27;152;land;false;plains;1
11419;170;27;197;land;false;forest;1
11420;170;30;12;land;true;plains;1
11421;170;30;162;land;false;hills;6
11422;170;30;217;land;false;plains;1
11423;170;33;77;land;false;plains;1
11424;170;33;182;land;false;plains;1
11425;170;36;42;land;false;plains;1
11426;170;36;97;land;true;forest;1
11427;170;36;147;land;false;plains;1
11428;170;39;7;land;false;plains;1
11429;170;39;62;land;false;plains;6
11430;170;39;212;land;false;hills;1
11431;170;42;72;land;false;plains;1
11432;170;42;177;land;false;hills;1
11433;170;45;37;land;false;forest;6
11434;170;45;92;land;false;plains;1
11435;170;45;142;land;false;forest;1
11436;170;48;2;land;false;plains;1
11437;170;48;57;land;false;urban;1
11438;170;51;22;land;false;plains;1
11439;170;51;172;land;false;plains;1
11440;170;51;227;land;false;plains;2
11441;170;54;137;land;false;plains;1
11442;170;54;192;land;false;desert;6
11443;170;57;157;land;true;forest;1
11444;170;57;202;land;false;forest;1
11445;170;60;17;land;false;forest;1
11446;170;60;167;land;true;plains;1
11447;170;60;222;land;false;plains;1
11448;170;63;82;land;false;desert;6
11449;170;63;132;land;false;plains;1
11450;170;63;187;land;false;plains;1
11451;170;66;47;land;false;plains;1
11452;170;66;152;land;false;forest;1
11453;170;69;12;land;false;marsh;1
11454;170;69;217;land;false;forest;1
11455;170;72;32;land;false;desert;6
11456;170;75;42;land;false;plains;1
11457;170;75;97;land;false;desert;6
11458;170;78;7;land;false;plains;6
11459;170;81;27;land;false;plains;1
11460;170;81;177;land;false;hills;6
11461;170;84;92;land;false;plains;1
11462;170;84;142;land;false;plains;1
11463;170;84;197;land;false;plains;1
11464;170;87;57;land;false;plains;1
11465;170;87;162;land;true;urban;1
11466;170;87;207;land;false;plains;1
11467;170;90;22;land;false;urban;1
11468;170;90;172;land;false;hills;1
11469;170;90;227;land;false;desert;6
11470;170;93;87;land;false;forest;1
11471;170;93;137;land;false;plains;1
11472;170;93;192;land;false;desert;6
11473;170;96;52;land;false;desert;6
11474;170;96;157;land;false;plains;1
11475;170;99;17;land;false;forest;1
11476;170;99;222;land;false;plains;1
11477;170;102;82;land;false;plains;1
11478;170;105;47;land;false;forest;1
11479;170;105;152;land;false;urban;1
11480;170;108;67;land;false;desert;6
11481;170;108;217;land;false;plains;1
11482;170;111;32;land;false;desert;6
11483;170;111;182;land;false;urban;1
11484;170;114;97;land;false;plains;1
11485;170;114;147;land;false;plains;1
11486;170;114;202;land;false;hills;1
11487;170;117;62;land;false;forest;1
11488;170;117;167;land;false;forest;1
11489;170;117;212;land;false;plains;1
11490;170;120;27;land;false;plains;1
11491;170;120;132;land;false;plains;1
11492;170;120;177;land;false;plains;1
11493;170;123;142;land;false;forest;1
11494;170;126;57;land;false;plains;1
11495;170;126;162;land;true;forest;2
11496;170;129;22;land;false;forest;6
11497;170;129;77;land;false;hills;1
11498;170;129;227;land;false;forest;1
11499;170;132;42;land;false;hills;1
11500;170;132;87;land;false;plains;1
11501;170;132;192;land;false;forest;1
11502;170;135;7;land;false;plains;1
11503;170;135;52;land;false;marsh;1
11504;170;135;157;land;false;forest;1
11505;170;138;17;land;false;forest;1
11506;170;138;72;land;false;urban;1
11507;170;138;222;land;false;forest;1
11508;170;141;37;land;true;plains;1
11509;170;144;2;land;false;plains;2
11510;170;144;152;land;false;desert;6
11511;170;144;207;land;false;plains;1
11512;170;147;217;land;false;plains;1
11513;170;150;32;land;false;plains;1
11514;170;153;97;land;false;plains;1
11515;170;153;147;land;false;plains;1
11516;170;153;202;land;false;forest;1
11517;170;156;62;land;false;hills;1
11518;170;156;167;land;false;plains;1
11519;170;159;27;land;false;plains;1
11520;170;159;82;land;false;forest;1
11521;170;159;132;land;false;hills;1
11522;170;162;47;land;false;forest;1
11523;170;162;92;land;false;plains;6
11524;170;162;197;land;false;desert;6
11525;170;165;12;land;false;hills;1
11526;170;165;57;land;false;forest;1
11527;170;165;162;land;false;forest;1
11528;170;168;22;land;false;plains;1
11529;170;168;77;land;false;forest;1
11530;170;168;227;land;false;forest;1
11531;170;171;42;land;false;forest;1
11532;170;171;192;land;false;forest;1
11533;170;174;157;land;false;forest;1
11534;170;174;212;land;false;plains;1
11535;170;177;72;land;true;plains;1
11536;170;177;177;land;false;hills;1
11537;170;177;222;land;false;hills;6
11538;170;180;37;land;false;plains;6
11539;170;180;142;land;false;mountain;1
11540;170;180;187;land;false;plains;1
11541;170;183;2;land;false;forest;1
11542;170;183;207;land;false;urban;1
11543;170;186;67;land;false;marsh;1
11544;170;186;172;land;false;urban;1
11545;170;189;32;land;false;forest;1
11546;170;189;87;land;true;plains;1
11547;170;189;137;land;false;forest;1
11548;170;192;97;land;true;plains;1
11549;170;192;202;land;false;forest;1
11550;170;195;17;land;false;forest;1
11551;170;195;62;land;false;plains;1
11552;170;195;167;land;false;desert;6
11553;170;198;27;land;false;plains;1
11554;170;198;82;land;false;mountain;1
11555;170;198;132;land;false;forest;1
11556;170;201;47;land;false;forest;1
11557;170;201;197;land;false;plains;1
11558;170;204;162;land;false;plains;1
11559;170;204;217;land;true;plains;1
11560;170;207;77;land;false;plains;1
11561;170;207;182;land;false;urban;1
11562;170;207;227;land;false;forest;1
11563;170;210;42;land;false;plains;1
11564;171;0;17;land;true;hills;1
11565;171;0;167;land;true;plains;1
11566;171;3;27;land;false;plains;1
11567;171;3;132;land;true;plains;2
11568;171;6;47;land;false;mountain;1
11569;171;6;197;land;false;forest;2
11570;171;9;12;land;false;mountain;1
11571;171;9;162;land;false;forest;2
11572;171;9;217;land;false;hills;1
11573;171;12;77;land;false;mountain;1
11574;171;12;182;land;false;plains;1
11575;171;12;227;land;true;mountain;6
11576;171;15;42;land;false;forest;1
11577;171;15;147;land;false;plains;1
11578;171;15;192;land;true;desert;6
11579;171;18;157;land;false;plains;6
11580;171;18;212;land;false;hills;1
11581;171;21;177;land;false;urban;1
11582;171;24;37;land;false;plains;1
11583;171;24;92;land;false;forest;1
11584;171;24;142;land;true;plains;1
11585;171;27;2;land;false;forest;2
11586;171;27;57;land;false;urban;1
11587;171;27;207;land;false;mountain;1
11588;171;30;22;land;false;plains;1
11589;171;30;67;land;false;hills;2
11590;171;30;172;land;false;mountain;1
11591;171;33;32;land;false;desert;6
11592;171;33;87;land;false;mountain;1
11593;171;33;137;land;false;hills;1
11594;171;39;17;land;false;forest;1
11595;171;42;82;land;false;mountain;1
11596;171;42;132;land;false;plains;1
11597;171;42;187;land;true;plains;1
11598;171;45;47;land;false;mountain;1
11599;171;45;152;land;true;plains;7
11600;171;45;197;land;true;plains;1
11601;171;48;12;land;false;mountain;1
11602;171;48;162;land;false;forest;2
11603;171;48;217;land;false;plains;1
11604;171;51;77;land;false;hills;1
11605;171;51;182;land;false;mountain;1
11606;171;54;42;land;false;plains;1
11607;171;54;97;land;false;mountain;6
11608;171;54;147;land;false;hills;1
11609;171;57;62;land;false;mountain;7
11610;171;57;212;land;false;plains;1
11611;171;60;72;land;false;plains;1
11612;171;60;177;land;false;mountain;1
11613;171;63;37;land;false;plains;1
11614;171;63;92;land;false;mountain;1
11615;171;63;142;land;false;mountain;1
11616;171;66;2;land;true;plains;1
11617;171;66;57;land;true;mountain;1
11618;171;66;207;land;false;mountain;1
11619;171;69;22;land;false;forest;1
11620;171;69;172;land;false;mountain;1
11621;171;69;227;land;false;forest;2
11622;171;72;87;land;false;plains;1
11623;171;72;137;land;false;hills;1
11624;171;72;192;land;false;hills;6
11625;171;75;52;land;false;plains;1
11626;171;75;157;land;true;hills;6
11627;171;78;17;land;false;forest;1
11628;171;78;167;land;false;forest;1
11629;171;78;222;land;false;hills;6
11630;171;81;82;land;false;plains;1
11631;171;81;132;land;false;forest;1
11632;171;81;187;land;false;plains;1
11633;171;84;152;land;false;mountain;1
11634;171;87;12;land;false;mountain;1
11635;171;87;67;land;false;plains;2
11636;171;87;217;land;false;plains;1
11637;171;90;32;land;false;plains;2
11638;171;90;77;land;false;mountain;1
11639;171;90;182;land;false;plains;1
11640;171;93;42;land;false;hills;1
11641;171;93;97;land;true;plains;2
11642;171;96;7;land;false;forest;1
11643;171;96;62;land;false;plains;6
11644;171;96;212;land;false;plains;1
11645;171;99;27;land;false;mountain;7
11646;171;99;177;land;false;plains;1
11647;171;102;92;land;true;mountain;1
11648;171;102;197;land;false;forest;2
11649;171;105;57;land;true;plains;1
11650;171;105;162;land;false;plains;2
11651;171;105;207;land;false;forest;1
11652;171;108;22;land;false;plains;1
11653;171;108;172;land;false;plains;1
11654;171;108;227;land;true;urban;2
11655;171;111;87;land;false;forest;1
11656;171;111;192;land;true;plains;2
11657;171;114;52;land;false;hills;1
11658;171;114;157;land;true;plains;2
11659;171;117;17;land;false;plains;1
11660;171;117;72;land;false;forest;2
11661;171;117;222;land;false;plains;1
11662;171;120;37;land;false;forest;2
11663;171;120;82;land;false;plains;1
11664;171;120;187;land;false;mountain;1
11665;171;123;2;land;false;forest;2
11666;171;123;47;land;false;urban;1
11667;171;126;67;land;false;forest;2
11668;171;126;217;land;true;marsh;1
11669;171;129;32;land;true;plains;2
11670;171;129;182;land;true;urban;1
11671;171;132;97;land;false;mountain;7
11672;171;132;147;land;false;forest;1
11673;171;132;202;land;true;hills;1
11674;171;135;62;land;false;hills;7
11675;171;135;167;land;false;hills;1
11676;171;135;212;land;false;hills;1
11677;171;138;132;land;false;forest;1
11678;171;141;92;land;false;plains;1
11679;171;141;142;land;false;plains;1
11680;171;141;197;land;false;plains;2
11681;171;144;57;land;false;plains;1
11682;171;144;162;land;true;forest;2
11683;171;147;22;land;true;plains;1
11684;171;147;77;land;false;mountain;1
11685;171;147;227;land;true;plains;2
11686;171;150;87;land;false;plains;1
11687;171;150;192;land;false;plains;6
11688;171;153;7;land;true;mountain;1
11689;171;153;52;land;false;hills;1
11690;171;153;157;land;false;plains;1
11691;171;156;17;land;false;plains;1
11692;171;156;72;land;false;forest;1
11693;171;156;222;land;false;plains;1
11694;171;159;187;land;false;hills;1
11695;171;162;2;land;true;plains;2
11696;171;162;152;land;false;plains;1
11697;171;162;207;land;false;hills;1
11698;171;165;67;land;false;mountain;2
11699;171;165;172;land;false;hills;1
11700;171;165;217;land;true;plains;1
11701;171;168;32;land;true;desert;6
11702;171;168;137;land;false;plains;1
11703;171;168;182;land;true;plains;1
11704;171;171;97;land;false;hills;7
11705;171;171;147;land;false;hills;1
11706;171;174;62;land;false;plains;6
11707;171;174;167;land;true;hills;1
11708;171;177;27;land;false;mountain;7
11709;171;177;82;land;false;hills;1
11710;171;177;132;land;true;forest;1
11711;171;180;47;land;false;hills;1
11712;171;180;197;land;false;hills;2
11713;171;183;12;land;false;plains;1
11714;171;183;162;land;true;plains;2
11715;171;186;22;land;false;plains;1
11716;171;186;77;land;false;mountain;1
11717;171;186;227;land;false;forest;2
11718;171;189;42;land;false;forest;1
11719;171;189;192;land;true;mountain;6
11720;171;192;7;land;false;plains;1
11721;171;192;212;land;false;mountain;1
11722;171;195;72;land;false;hills;2
11723;171;195;177;land;false;hills;1
11724;171;195;222;land;false;plains;1
11725;171;198;37;land;true;hills;2
11726;171;198;142;land;false;mountain;1
11727;171;198;187;land;false;plains;1
11728;171;201;2;land;true;forest;2
11729;171;201;152;land;true;marsh;1
11730;171;201;207;land;false;plains;1
11731;171;204;67;land;false;forest;2
11732;171;204;172;land;false;plains;1
11733;171;207;32;land;false;hills;2
11734;171;207;87;land;false;plains;1
11735;171;210;52;land;true;hills;1
11736;171;210;97;land;true;plains;6
11737;172;0;72;land;false;hills;1
11738;172;0;177;land;true;forest;2
11739;172;0;222;land;false;plains;7
11740;172;6;2;land;true;forest;2
11741;172;6;152;land;false;hills;1
11742;172;6;207;land;false;plains;1
11743;172;9;67;land;false;plains;2
11744;172;9;172;land;false;forest;6
11745;172;12;32;land;true;hills;6
11746;172;12;87;land;true;plains;7
11747;172;12;137;land;false;urban;7
11748;172;14;65;sea;true;ocean;0
11749;172;15;52;land;false;hills;1
11750;172;15;97;land;false;plains;6
11751;172;15;202;land;true;plains;1
11752;172;18;17;land;false;plains;6
11753;172;18;62;land;true;mountain;7
11754;172;21;27;land;false;plains;1
11755;172;21;82;land;true;mountain;1
11756;172;21;132;land;false;mountain;1
11757;172;24;47;land;true;plains;2
11758;172;24;197;land;false;forest;2
11759;172;27;12;land;false;plains;7
11760;172;27;162;land;false;plains;2
11761;172;27;217;land;false;plains;6
11762;172;30;77;land;false;hills;1
11763;172;30;227;land;false;mountain;2
11764;172;33;147;land;true;plains;6
11765;172;33;192;land;false;hills;6
11766;172;36;7;land;false;hills;1
11767;172;36;212;land;true;hills;1
11768;172;39;177;land;false;plains;1
11769;172;42;37;land;false;mountain;2
11770;172;42;92;land;false;hills;6
11771;172;42;142;land;false;urban;6
11772;172;45;2;land;false;hills;2
11773;172;45;57;land;true;urban;1
11774;172;45;207;land;true;hills;1
11775;172;48;22;land;false;hills;6
11776;172;48;67;land;false;plains;2
11777;172;51;32;land;false;mountain;6
11778;172;51;87;land;false;hills;7
11779;172;51;137;land;false;mountain;1
11780;172;54;52;land;false;hills;1
11781;172;57;17;land;false;hills;6
11782;172;57;167;land;true;plains;2
11783;172;57;222;land;false;plains;2
11784;172;60;82;land;false;mountain;7
11785;172;60;132;land;false;hills;2
11786;172;60;187;land;false;mountain;1
11787;172;63;47;land;false;hills;1
11788;172;63;152;land;false;hills;2
11789;172;63;197;land;false;forest;2
11790;172;66;12;land;false;mountain;1
11791;172;66;162;land;false;plains;2
11792;172;66;217;land;false;plains;7
11793;172;69;77;land;false;plains;1
11794;172;72;97;land;false;hills;1
11795;172;72;147;land;false;mountain;2
11796;172;75;62;land;false;hills;7
11797;172;75;212;land;false;plains;7
11798;172;78;27;land;false;hills;1
11799;172;78;72;land;false;hills;2
11800;172;81;37;land;false;urban;2
11801;172;81;92;land;false;forest;6
11802;172;84;2;land;false;plains;2
11803;172;84;57;land;false;mountain;1
11804;172;84;207;land;true;mountain;1
11805;172;87;22;land;true;urban;1
11806;172;87;172;land;false;hills;1
11807;172;87;227;land;false;hills;1
11808;172;90;87;land;false;plains;6
11809;172;90;137;land;false;plains;1
11810;172;90;192;land;true;mountain;7
11811;172;93;52;land;true;mountain;7
11812;172;93;157;land;false;hills;1
11813;172;96;17;land;false;mountain;1
11814;172;96;167;land;false;mountain;2
11815;172;96;222;land;false;plains;6
11816;172;99;82;land;true;hills;1
11817;172;99;132;land;false;forest;2
11818;172;99;187;land;true;urban;1
11819;172;102;47;land;false;hills;1
11820;172;102;152;land;false;plains;1
11821;172;105;12;land;false;mountain;1
11822;172;105;67;land;false;forest;6
11823;172;105;217;land;false;mountain;6
11824;172;108;32;land;true;hills;1
11825;172;108;77;land;false;plains;1
11826;172;108;182;land;false;plains;7
11827;84;194;123;lake;false;lakes;0
11828;172;111;97;land;false;forest;6
11829;172;111;147;land;true;plains;7
11830;172;114;7;land;false;plains;2
11831;172;114;62;land;false;mountain;7
11832;172;114;212;land;false;hills;1
11833;172;117;177;land;true;forest;1
11834;172;120;142;land;true;urban;1
11835;172;120;197;land;true;hills;6
11836;172;123;57;land;false;plains;6
11837;172;123;162;land;true;urban;1
11838;172;123;207;land;false;mountain;1
11839;172;126;22;land;false;plains;7
11840;172;126;172;land;false;mountain;1
11841;172;126;227;land;false;forest;2
11842;172;129;87;land;false;plains;1
11843;172;129;137;land;false;hills;1
11844;172;129;192;land;false;plains;7
11845;172;132;52;land;false;mountain;1
11846;172;132;157;land;true;hills;1
11847;172;135;72;land;true;forest;6
11848;172;138;37;land;true;plains;7
11849;172;138;82;land;true;plains;1
11850;172;138;187;land;false;hills;6
11851;172;141;2;land;false;plains;1
11852;172;141;47;land;false;hills;1
11853;172;141;152;land;false;mountain;7
11854;172;144;12;land;false;hills;1
11855;172;144;67;land;false;hills;6
11856;172;147;32;land;false;mountain;1
11857;172;147;182;land;false;mountain;1
11858;172;150;147;land;false;mountain;1
11859;172;153;62;land;true;mountain;2
11860;172;153;167;land;false;plains;7
11861;172;153;212;land;false;mountain;1
11862;172;156;27;land;false;hills;6
11863;172;156;132;land;false;hills;1
11864;172;159;92;land;false;forest;6
11865;172;159;197;land;false;forest;6
11866;172;162;57;land;true;plains;7
11867;172;162;162;land;true;mountain;7
11868;172;165;22;land;false;hills;1
11869;172;165;77;land;false;plains;1
11870;172;165;227;land;false;hills;1
11871;172;168;42;land;false;desert;7
11872;172;168;87;land;false;mountain;1
11873;172;168;192;land;false;mountain;2
11874;172;171;7;land;true;plains;1
11875;172;171;52;land;false;hills;1
11876;172;171;157;land;false;hills;2
11877;172;174;17;land;true;plains;1
11878;172;174;72;land;false;mountain;6
11879;172;174;222;land;true;plains;6
11880;172;177;37;land;false;mountain;7
11881;172;177;187;land;true;plains;7
11882;172;180;2;land;false;mountain;1
11883;172;180;152;land;true;hills;7
11884;172;180;207;land;false;hills;1
11885;172;183;67;land;false;plains;1
11886;172;183;172;land;true;plains;6
11887;172;183;217;land;false;forest;1
11888;172;186;32;land;false;mountain;2
11889;172;186;182;land;false;mountain;1
11890;172;189;97;land;false;forest;2
11891;172;189;147;land;true;mountain;1
11892;172;189;202;land;true;plains;2
11893;172;192;62;land;false;hills;6
11894;172;195;27;land;true;mountain;7
11895;172;195;82;land;false;mountain;1
11896;172;198;47;land;false;mountain;6
11897;172;198;92;land;false;plains;7
11898;172;201;12;land;false;mountain;7
11899;172;201;57;land;false;hills;1
11900;172;201;162;land;true;plains;2
11901;172;204;22;land;true;hills;1
11902;172;204;227;land;false;forest;2
11903;172;207;42;land;false;plains;6
11904;172;207;192;land;true;hills;6
11905;172;210;7;land;true;mountain;1
11906;172;210;157;land;false;mountain;6
11907;172;210;212;land;false;mountain;7
11908;173;0;27;land;false;mountain;6
11909;173;0;82;land;false;forest;6
11910;173;0;132;land;true;desert;5
11911;173;3;47;land;true;plains;6
11912;173;3;92;land;true;hills;6
11913;173;3;197;land;false;urban;6
11914;173;6;12;land;true;plains;6
11915;173;6;57;land;false;hills;6
11916;173;6;162;land;false;plains;6
11917;173;9;22;land;false;mountain;7
11918;173;9;77;land;false;mountain;6
11919;173;9;227;land;true;plains;7
11920;173;12;42;land;false;plains;6
11921;173;12;192;land;true;plains;5
11922;173;15;7;land;false;desert;7
11923;173;15;157;land;true;mountain;5
11924;173;15;212;land;false;mountain;6
11925;173;18;72;land;true;hills;6
11926;173;18;177;land;false;forest;6
11927;173;18;222;land;true;plains;2
11928;173;21;37;land;true;forest;6
11929;173;21;142;land;true;urban;6
11930;173;21;187;land;true;hills;6
11931;173;24;2;land;false;forest;6
11932;173;24;207;land;true;plains;6
11933;173;27;67;land;false;plains;6
11934;173;27;172;land;false;jungle;5
11935;173;30;32;land;false;hills;5
11936;173;30;87;land;true;plains;6
11937;173;30;137;land;false;forest;6
11938;173;33;52;land;true;forest;6
11939;173;33;97;land;true;hills;5
11940;173;33;202;land;false;desert;5
11941;173;36;17;land;false;hills;6
11942;173;36;62;land;false;forest;2
11943;173;36;167;land;true;plains;5
11944;173;39;27;land;true;plains;6
11945;173;39;82;land;false;mountain;6
11946;173;39;132;land;true;plains;6
11947;173;42;47;land;false;hills;6
11948;173;42;197;land;true;plains;6
11949;173;45;12;land;true;hills;6
11950;173;45;217;land;false;plains;6
11951;173;48;77;land;false;desert;5
11952;173;48;182;land;true;plains;6
11953;173;48;227;land;false;mountain;5
11954;173;51;42;land;true;hills;5
11955;173;51;147;land;false;hills;6
11956;173;51;192;land;false;mountain;1
11957;173;54;7;land;true;desert;5
11958;173;54;157;land;true;hills;6
11959;173;54;212;land;true;hills;6
11960;173;57;72;land;false;urban;6
11961;173;57;177;land;false;hills;6
11962;173;60;37;land;false;hills;6
11963;173;60;92;land;true;forest;6
11964;173;60;142;land;true;plains;5
11965;173;63;2;land;true;mountain;1
11966;173;63;57;land;false;mountain;6
11967;173;63;207;land;true;desert;5
11968;173;66;22;land;true;forest;6
11969;173;66;67;land;true;urban;5
11970;173;66;172;land;false;desert;7
11971;173;69;32;land;false;plains;2
11972;173;69;87;land;false;hills;6
11973;173;69;137;land;false;hills;6
11974;173;72;52;land;false;desert;5
11975;173;72;202;land;true;forest;2
11976;173;75;17;land;false;desert;7
11977;173;75;167;land;false;hills;6
11978;173;75;222;land;true;forest;6
11979;173;78;82;land;true;desert;7
11980;173;78;132;land;false;plains;6
11981;173;78;187;land;true;forest;6
11982;173;81;47;land;false;plains;6
11983;173;81;152;land;false;mountain;6
11984;173;81;197;land;true;hills;1
11985;173;84;12;land;true;hills;6
11986;173;84;217;land;true;hills;6
11987;173;87;77;land;false;mountain;5
11988;173;87;182;land;false;forest;6
11989;173;90;42;land;false;mountain;6
11990;173;90;97;land;true;plains;6
11991;173;90;147;land;true;hills;6
11992;173;93;7;land;true;plains;6
11993;173;93;62;land;false;forest;6
11994;173;93;212;land;false;plains;6
11995;173;96;27;land;false;plains;6
11996;173;96;72;land;false;plains;6
11997;173;96;177;land;true;hills;6
11998;173;99;37;land;true;plains;1
11999;173;99;92;land;false;desert;5
12000;173;99;142;land;false;desert;5
12001;173;102;2;land;true;mountain;1
12002;173;102;57;land;true;mountain;5
12003;173;102;207;land;true;plains;1
12004;173;105;22;land;false;desert;5
12005;173;105;227;land;false;hills;6
12006;173;108;87;land;true;hills;6
12007;173;108;137;land;true;hills;6
12008;173;108;192;land;false;hills;6
12009;173;111;52;land;false;hills;5
12010;173;111;157;land;true;forest;6
12011;173;111;202;land;true;hills;6
12012;173;114;17;land;false;plains;6
12013;173;114;167;land;false;mountain;7
12014;173;114;222;land;false;mountain;6
12015;173;117;82;land;false;hills;6
12016;173;117;132;land;false;mountain;7
12017;173;117;187;land;false;forest;6
12018;173;120;47;land;false;mountain;5
12019;173;120;152;land;false;mountain;6
12020;173;123;12;land;false;hills;5
12021;173;123;67;land;true;plains;6
12022;173;123;217;land;false;desert;5
12023;173;126;32;land;false;mountain;6
12024;173;126;77;land;false;plains;2
12025;173;126;182;land;false;desert;5
12026;173;129;42;land;false;hills;6
12027;173;129;97;land;false;hills;6
12028;173;129;147;land;true;hills;6
12029;173;132;7;land;true;mountain;7
12030;173;132;62;land;false;hills;6
12031;173;132;212;land;true;hills;6
12032;173;135;27;land;true;hills;6
12033;173;138;92;land;false;desert;5
12034;173;138;142;land;false;mountain;5
12035;173;138;197;land;false;forest;6
12036;173;141;57;land;false;plains;6
12037;173;141;162;land;true;plains;6
12038;173;141;207;land;true;hills;1
12039;173;144;22;land;true;desert;5
12040;173;144;172;land;true;plains;6
12041;173;144;227;land;false;desert;6
12042;173;147;87;land;false;mountain;5
12043;173;147;137;land;true;plains;6
12044;173;147;192;land;false;desert;5
12045;173;150;52;land;false;hills;6
12046;173;150;157;land;false;plains;7
12047;173;153;17;land;false;hills;1
12048;173;153;72;land;false;plains;6
12049;173;153;222;land;true;plains;5
12050;173;156;37;land;false;plains;6
12051;173;156;82;land;true;hills;5
12052;173;156;187;land;true;plains;6
12053;173;159;2;land;false;mountain;6
12054;173;159;47;land;false;urban;2
12055;173;159;152;land;false;plains;6
12056;173;162;12;land;false;hills;6
12057;173;162;67;land;false;mountain;6
12058;173;162;217;land;true;plains;1
12059;173;165;32;land;false;mountain;6
12060;173;165;182;land;true;hills;6
12061;173;168;97;land;false;forest;6
12062;173;168;147;land;false;forest;6
12063;173;168;202;land;true;plains;6
12064;173;171;62;land;false;plains;5
12065;173;171;167;land;false;hills;6
12066;173;171;212;land;true;hills;1
12067;173;174;27;land;true;hills;6
12068;173;174;132;land;true;hills;6
12069;173;177;92;land;false;plains;6
12070;173;177;142;land;true;plains;1
12071;173;177;197;land;false;desert;5
12072;173;180;57;land;false;mountain;6
12073;173;180;162;land;true;mountain;7
12074;173;183;22;land;true;plains;6
12075;173;183;77;land;false;forest;6
12076;173;183;227;land;true;hills;6
12077;173;186;42;land;false;forest;6
12078;173;186;87;land;false;hills;6
12079;173;186;192;land;false;desert;5
12080;173;189;7;land;false;plains;6
12081;173;189;52;land;false;hills;1
12082;173;189;157;land;false;desert;5
12083;173;192;17;land;false;hills;1
12084;173;192;72;land;false;mountain;6
12085;173;192;222;land;true;plains;6
12086;173;195;37;land;false;plains;6
12087;173;195;187;land;true;hills;5
12088;173;198;2;land;true;desert;5
12089;173;198;152;land;false;hills;6
12090;173;198;207;land;true;hills;6
12091;173;201;67;land;false;desert;5
12092;173;201;172;land;false;plains;6
12093;173;201;217;land;true;plains;6
12094;173;204;32;land;true;plains;5
12095;173;204;137;land;false;plains;6
12096;173;204;182;land;true;plains;7
12097;173;207;97;land;true;plains;6
12098;173;207;147;land;true;mountain;1
12099;173;207;202;land;false;desert;5
12100;173;210;62;land;true;hills;5
12101;173;210;167;land;true;mountain;7
12102;174;0;37;land;false;forest;6
12103;174;0;187;land;true;plains;6
12104;174;3;2;land;false;forest;4
12105;174;3;152;land;false;plains;6
12106;174;3;207;land;false;forest;6
12107;174;6;67;land;false;jungle;4
12108;174;6;172;land;false;desert;6
12109;174;6;217;land;false;hills;6
12110;174;9;32;land;true;jungle;6
12111;174;9;137;land;false;desert;6
12112;174;9;182;land;true;jungle;6
12113;174;12;97;land;true;plains;6
12114;174;12;147;land;false;forest;6
12115;174;12;202;land;false;plains;6
12116;174;15;62;land;true;jungle;6
12117;174;15;167;land;false;mountain;6
12118;174;18;27;land;true;plains;6
12119;174;18;82;land;false;mountain;6
12120;174;18;132;land;true;plains;4
12121;174;21;47;land;false;desert;6
12122;174;21;92;land;true;hills;6
12123;174;21;197;land;true;jungle;4
12124;174;24;12;land;false;hills;2
12125;174;24;57;land;true;jungle;6
12126;174;24;162;land;true;plains;6
12127;174;27;22;land;true;plains;6
12128;174;27;77;land;false;hills;6
12129;174;27;227;land;true;jungle;6
12130;174;30;42;land;false;forest;6
12131;174;30;192;land;true;jungle;6
12132;174;33;7;land;true;plains;4
12133;174;33;157;land;false;plains;6
12134;174;33;212;land;false;desert;2
12135;174;36;72;land;true;jungle;4
12136;174;36;177;land;false;plains;6
12137;174;36;222;land;false;urban;6
12138;174;39;37;land;true;mountain;6
12139;174;39;142;land;false;desert;6
12140;174;39;187;land;true;plains;6
12141;174;42;2;land;false;plains;6
12142;174;42;152;land;false;plains;6
12143;174;42;207;land;false;plains;6
12144;174;45;67;land;true;jungle;6
12145;174;45;172;land;false;plains;2
12146;174;48;32;land;false;plains;6
12147;174;48;87;land;true;plains;2
12148;174;48;137;land;true;plains;6
12149;174;51;52;land;true;plains;2
12150;174;51;97;land;false;hills;6
12151;174;51;202;land;true;plains;6
12152;174;54;17;land;false;plains;6
12153;174;54;62;land;true;plains;6
12154;174;54;167;land;true;mountain;4
12155;174;57;82;land;false;mountain;2
12156;174;57;132;land;false;hills;6
12157;174;60;47;land;false;plains;6
12158;174;60;197;land;true;plains;6
12159;174;63;12;land;true;plains;6
12160;174;63;162;land;true;mountain;6
12161;174;63;217;land;false;desert;6
12162;174;66;77;land;true;plains;6
12163;174;66;182;land;false;desert;6
12164;174;66;227;land;true;plains;6
12165;174;69;42;land;true;jungle;6
12166;174;69;147;land;false;hills;2
12167;174;69;192;land;false;forest;6
12168;174;72;7;land;true;jungle;6
12169;174;72;157;land;false;hills;1
12170;174;72;212;land;false;plains;6
12171;174;75;72;land;true;jungle;6
12172;174;75;177;land;false;forest;6
12173;174;78;37;land;false;plains;6
12174;174;78;92;land;false;plains;6
12175;174;78;142;land;false;forest;6
12176;174;81;2;land;false;hills;6
12177;174;81;57;land;false;desert;6
12178;174;81;207;land;true;plains;6
12179;174;84;22;land;false;desert;6
12180;174;84;67;land;true;plains;6
12181;174;84;172;land;false;jungle;6
12182;174;87;32;land;false;plains;6
12183;174;87;87;land;false;mountain;2
12184;174;87;137;land;true;jungle;6
12185;174;90;52;land;false;plains;6
12186;174;90;202;land;false;mountain;6
12187;174;93;17;land;false;forest;6
12188;174;93;167;land;true;jungle;6
12189;174;93;222;land;false;urban;6
12190;174;96;82;land;true;jungle;6
12191;174;96;132;land;false;hills;6
12192;174;96;187;land;false;plains;6
12193;174;99;47;land;true;mountain;4
12194;174;99;152;land;false;desert;6
12195;174;99;197;land;false;plains;6
12196;174;102;12;land;true;jungle;6
12197;174;102;162;land;false;marsh;6
12198;174;102;217;land;false;plains;6
12199;174;105;77;land;true;jungle;6
12200;174;105;182;land;false;mountain;6
12201;174;108;42;land;true;hills;6
12202;174;108;97;land;false;forest;2
12203;174;108;147;land;false;plains;6
12204;174;111;7;land;true;mountain;6
12205;174;111;62;land;false;forest;2
12206;174;111;212;land;true;jungle;6
12207;174;114;27;land;true;plains;6
12208;174;114;72;land;true;mountain;6
12209;174;114;177;land;true;mountain;6
12210;174;117;37;land;false;forest;6
12211;174;117;92;land;true;hills;2
12212;174;117;142;land;false;plains;6
12213;174;120;2;land;true;jungle;6
12214;174;120;57;land;false;mountain;2
12215;174;120;207;land;true;jungle;6
12216;174;123;22;land;false;forest;6
12217;174;123;172;land;false;mountain;6
12218;174;123;227;land;false;hills;6
12219;174;126;87;land;true;jungle;6
12220;174;126;137;land;true;hills;6
12221;174;126;192;land;false;forest;2
12222;174;129;52;land;true;jungle;4
12223;174;129;157;land;false;forest;2
12224;174;129;202;land;false;plains;6
12225;174;132;17;land;true;jungle;6
12226;174;132;167;land;false;plains;6
12227;174;132;222;land;false;plains;6
12228;174;135;82;land;true;jungle;6
12229;174;135;187;land;false;plains;6
12230;174;138;47;land;true;jungle;6
12231;174;138;152;land;true;mountain;2
12232;174;141;12;land;true;hills;6
12233;174;141;67;land;false;desert;6
12234;174;141;217;land;true;jungle;6
12235;174;144;32;land;false;desert;6
12236;174;144;77;land;true;jungle;6
12237;174;144;182;land;true;mountain;4
12238;174;147;42;land;false;jungle;6
12239;174;147;97;land;false;hills;6
12240;174;147;147;land;true;jungle;4
12241;174;150;7;land;false;mountain;6
12242;174;150;62;land;false;forest;6
12243;174;150;212;land;true;hills;6
12244;174;153;27;land;false;plains;6
12245;174;153;177;land;false;mountain;6
12246;174;156;92;land;true;plains;4
12247;174;156;142;land;false;plains;6
12248;174;156;197;land;false;desert;6
12249;174;159;57;land;true;plains;6
12250;174;159;162;land;false;mountain;6
12251;174;159;207;land;true;plains;6
12252;174;162;22;land;true;jungle;6
12253;174;162;172;land;true;mountain;6
12254;174;162;227;land;false;desert;6
12255;174;165;87;land;false;hills;6
12256;174;165;137;land;false;mountain;6
12257;174;165;192;land;false;plains;6
12258;174;168;52;land;true;mountain;6
12259;174;168;157;land;true;forest;2
12260;174;171;17;land;false;plains;6
12261;174;171;72;land;false;forest;6
12262;174;171;222;land;false;mountain;6
12263;174;174;37;land;false;plains;6
12264;174;174;82;land;false;forest;6
12265;174;174;187;land;true;jungle;4
12266;174;177;2;land;false;desert;6
12267;174;177;47;land;true;marsh;6
12268;174;177;152;land;true;jungle;6
12269;174;180;12;land;true;plains;6
12270;174;180;67;land;false;plains;6
12271;174;180;217;land;true;jungle;6
12272;174;183;32;land;true;forest;2
12273;174;183;182;land;false;mountain;6
12274;174;186;97;land;false;plains;6
12275;174;186;147;land;false;forest;6
12276;174;186;202;land;false;forest;2
12277;174;189;62;land;true;mountain;6
12278;174;189;167;land;true;forest;2
12279;174;189;212;land;true;plains;6
12280;174;192;27;land;true;jungle;6
12281;174;192;132;land;true;hills;2
12282;174;192;177;land;false;mountain;6
12283;174;195;92;land;true;jungle;6
12284;174;195;142;land;false;jungle;6
12285;174;195;197;land;false;plains;6
12286;174;198;57;land;true;jungle;6
12287;174;198;162;land;false;plains;6
12288;174;201;22;land;false;plains;6
12289;174;201;77;land;false;forest;2
12290;174;201;227;land;true;forest;4
12291;174;204;42;land;true;hills;2
12292;174;204;87;land;true;jungle;6
12293;174;204;192;land;false;plains;6
12294;174;207;7;land;false;desert;6
12295;174;207;52;land;false;plains;6
12296;174;207;157;land;false;jungle;6
12297;174;210;17;land;true;forest;6
12298;174;210;72;land;false;plains;6
12299;174;210;222;land;true;urban;6
12300;175;0;92;land;false;mountain;6
12301;175;0;142;land;false;plains;2
12302;175;0;197;land;true;jungle;6
12303;175;3;57;land;false;mountain;2
12304;175;3;162;land;true;plains;3
12305;175;6;22;land;false;plains;2
12306;175;6;77;land;false;mountain;3
12307;175;6;227;land;false;forest;6
12308;175;9;42;land;true;forest;4
12309;175;9;87;land;false;hills;7
12310;175;9;192;land;false;plains;6
12311;175;12;7;land;false;forest;4
12312;175;12;52;land;false;plains;2
12313;175;12;157;land;true;marsh;2
12314;175;15;17;land;false;hills;6
12315;175;15;72;land;true;mountain;4
12316;175;15;222;land;false;desert;7
12317;175;18;37;land;false;mountain;6
12318;175;18;187;land;false;mountain;7
12319;175;21;2;land;false;mountain;6
12320;175;21;152;land;false;urban;7
12321;175;21;207;land;true;desert;3
12322;175;24;67;land;false;mountain;6
12323;175;24;172;land;true;plains;4
12324;175;24;217;land;false;plains;6
12325;175;27;32;land;false;plains;2
12326;175;27;137;land;true;forest;4
12327;175;27;182;land;false;mountain;6
12328;175;30;97;land;false;forest;2
12329;175;30;147;land;false;desert;6
12330;175;30;202;land;true;mountain;6
12331;175;33;62;land;false;desert;6
12332;175;33;167;land;false;forest;6
12333;175;36;27;land;false;mountain;6
12334;175;36;82;land;false;forest;3
12335;175;36;132;land;false;plains;6
12336;175;39;47;land;true;plains;3
12337;175;39;92;land;false;plains;6
12338;175;39;197;land;false;mountain;6
12339;175;42;12;land;false;hills;4
12340;175;42;57;land;false;desert;6
12341;175;42;162;land;false;forest;2
12342;175;45;22;land;false;plains;6
12343;175;45;77;land;false;jungle;6
12344;175;45;227;land;false;hills;6
12345;175;48;42;land;false;forest;6
12346;175;48;192;land;false;forest;2
12347;175;51;7;land;true;mountain;3
12348;175;51;157;land;false;plains;6
12349;175;51;212;land;true;desert;3
12350;175;54;72;land;false;plains;6
12351;175;54;177;land;false;marsh;3
12352;175;54;222;land;true;plains;6
12353;175;57;37;land;false;forest;2
12354;175;57;142;land;false;forest;4
12355;175;57;187;land;false;plains;6
12356;175;60;2;land;false;hills;6
12357;175;60;152;land;true;plains;2
12358;175;60;207;land;true;mountain;6
12359;175;63;67;land;true;desert;6
12360;175;63;172;land;false;plains;6
12361;175;66;32;land;false;plains;2
12362;175;66;87;land;true;plains;4
12363;175;66;137;land;false;mountain;6
12364;175;69;52;land;true;urban;3
12365;175;69;97;land;false;hills;2
12366;175;69;202;land;false;hills;6
12367;175;72;17;land;true;mountain;4
12368;175;72;62;land;false;plains;2
12369;175;72;167;land;true;plains;2
12370;175;75;27;land;false;mountain;6
12371;175;75;82;land;true;jungle;4
12372;175;75;132;land;false;desert;7
12373;175;78;47;land;false;plains;6
12374;175;78;197;land;false;mountain;2
12375;175;81;12;land;false;mountain;6
12376;175;81;162;land;false;mountain;7
12377;175;81;217;land;false;plains;4
12378;175;84;77;land;false;mountain;6
12379;175;84;182;land;true;plains;3
12380;175;84;227;land;false;mountain;7
12381;175;87;42;land;true;forest;2
12382;175;87;147;land;false;mountain;4
12383;175;87;192;land;false;desert;6
12384;175;90;7;land;false;plains;2
12385;175;90;157;land;false;desert;6
12386;175;90;212;land;true;jungle;4
12387;175;93;72;land;false;desert;7
12388;175;93;177;land;false;plains;6
12389;175;95;47;sea;true;ocean;0
12390;175;96;37;land;false;forest;6
12391;175;96;92;land;false;plains;5
12392;175;96;142;land;false;forest;6
12393;175;99;2;land;false;forest;6
12394;175;99;57;land;false;plains;3
12395;175;99;207;land;false;forest;6
12396;175;102;22;land;true;mountain;3
12397;175;102;67;land;false;desert;6
12398;175;102;172;land;true;marsh;2
12399;175;105;32;land;false;mountain;2
12400;175;105;87;land;true;jungle;4
12401;175;105;137;land;false;forest;2
12402;175;108;52;land;false;plains;6
12403;175;108;202;land;false;hills;6
12404;175;111;17;land;false;desert;6
12405;175;111;167;land;false;hills;2
12406;175;111;222;land;true;urban;4
12407;175;114;82;land;false;mountain;6
12408;175;114;132;land;false;forest;6
12409;175;114;187;land;false;hills;3
12410;175;117;47;land;true;plains;2
12411;175;117;152;land;false;plains;4
12412;175;117;197;land;false;plains;6
12413;175;120;12;land;false;desert;7
12414;175;120;162;land;false;forest;6
12415;175;120;217;land;false;mountain;6
12416;175;123;77;land;false;desert;7
12417;175;123;182;land;false;forest;6
12418;175;126;42;land;false;plains;2
12419;175;126;97;land;false;desert;5
12420;175;126;147;land;false;plains;6
12421;175;129;7;land;false;hills;6
12422;175;129;62;land;false;hills;3
12423;175;129;212;land;false;forest;6
12424;175;132;27;land;false;forest;4
12425;175;132;72;land;false;mountain;2
12426;175;132;177;land;false;forest;6
12427;175;135;37;land;false;hills;6
12428;175;135;92;land;false;mountain;4
12429;175;135;142;land;false;plains;2
12430;175;138;2;land;false;mountain;6
12431;175;138;57;land;false;plains;6
12432;175;138;207;land;false;mountain;6
12433;175;141;22;land;false;forest;6
12434;175;141;172;land;true;plains;7
12435;175;141;227;land;false;mountain;4
12436;175;144;87;land;false;hills;6
12437;175;144;137;land;false;plains;2
12438;175;144;192;land;false;hills;3
12439;175;147;52;land;true;forest;2
12440;175;147;157;land;false;plains;3
12441;175;147;202;land;false;hills;7
12442;175;150;17;land;false;mountain;7
12443;175;150;167;land;false;plains;6
12444;175;150;222;land;true;jungle;6
12445;175;153;82;land;false;plains;2
12446;175;153;132;land;true;plains;6
12447;175;153;187;land;false;forest;6
12448;175;156;47;land;false;mountain;6
12449;175;156;152;land;false;desert;6
12450;175;159;12;land;false;mountain;7
12451;175;159;67;land;false;hills;4
12452;175;159;217;land;false;forest;6
12453;175;162;32;land;true;plains;3
12454;175;162;77;land;false;desert;6
12455;175;162;182;land;false;desert;7
12456;175;165;42;land;false;hills;2
12457;175;165;97;land;true;jungle;4
12458;175;165;147;land;false;forest;2
12459;175;168;7;land;true;plains;2
12460;175;168;62;land;false;forest;6
12461;175;168;212;land;true;hills;2
12462;175;171;27;land;true;forest;6
12463;175;171;177;land;false;forest;2
12464;175;174;92;land;false;plains;6
12465;175;174;142;land;false;plains;6
12466;175;174;197;land;false;hills;3
12467;175;177;57;land;false;plains;6
12468;175;177;162;land;false;plains;3
12469;175;177;207;land;false;hills;6
12470;175;180;22;land;false;plains;2
12471;175;180;172;land;false;desert;6
12472;175;180;227;land;true;mountain;6
12473;175;183;87;land;false;urban;7
12474;175;183;137;land;false;desert;6
12475;175;183;192;land;false;forest;6
12476;175;186;52;land;false;mountain;7
12477;175;186;157;land;true;hills;3
12478;175;189;17;land;false;plains;6
12479;175;189;72;land;false;forest;3
12480;175;189;222;land;false;forest;6
12481;175;192;37;land;false;plains;3
12482;175;192;82;land;false;hills;6
12483;175;192;187;land;false;forest;6
12484;175;195;2;land;true;jungle;4
12485;175;195;47;land;false;forest;6
12486;175;195;152;land;false;forest;2
12487;175;198;12;land;false;desert;6
12488;175;198;67;land;true;mountain;6
12489;175;198;217;land;false;forest;2
12490;175;201;32;land;false;plains;6
12491;175;201;182;land;false;desert;6
12492;175;204;97;land;false;plains;6
12493;175;204;147;land;true;hills;6
12494;175;204;202;land;true;desert;3
12495;175;207;62;land;false;forest;6
12496;175;207;167;land;false;plains;3
12497;175;207;212;land;false;plains;2
12498;175;210;27;land;false;plains;2
12499;175;210;132;land;true;forest;4
12500;175;210;177;land;false;plains;6
12501;176;0;2;land;false;hills;2
12502;176;0;47;land;false;mountain;6
12503;176;0;152;land;true;plains;2
12504;176;3;12;land;false;forest;5
12505;176;3;67;land;true;marsh;2
12506;176;3;217;land;false;mountain;6
12507;176;6;32;land;false;forest;6
12508;176;6;182;land;false;mountain;2
12509;176;9;97;land;false;hills;6
12510;176;9;147;land;false;forest;6
12511;176;9;202;land;false;mountain;6
12512;176;12;62;land;true;plains;2
12513;176;12;167;land;false;plains;2
12514;176;12;212;land;false;marsh;6
12515;176;15;27;land;false;forest;6
12516;176;15;132;land;false;plains;2
12517;176;15;177;land;false;forest;6
12518;176;18;92;land;true;plains;6
12519;176;18;142;land;false;plains;5
12520;176;18;197;land;false;desert;6
12521;176;21;57;land;false;forest;6
12522;176;21;162;land;true;forest;6
12523;176;24;22;land;false;forest;6
12524;176;24;77;land;false;desert;6
12525;176;24;227;land;false;forest;6
12526;176;27;42;land;false;mountain;6
12527;176;27;87;land;false;forest;6
12528;176;27;192;land;false;forest;6
12529;176;30;7;land;false;desert;6
12530;176;30;52;land;true;plains;6
12531;176;30;157;land;false;forest;6
12532;176;33;17;land;false;mountain;4
12533;176;33;72;land;false;forest;6
12534;176;33;222;land;false;forest;2
12535;176;36;37;land;false;mountain;2
12536;176;36;187;land;false;plains;6
12537;176;39;2;land;false;mountain;6
12538;176;39;152;land;false;forest;6
12539;176;39;207;land;false;mountain;6
12540;176;42;67;land;false;plains;6
12541;176;42;172;land;false;desert;6
12542;176;42;217;land;false;forest;6
12543;176;45;32;land;false;forest;6
12544;176;45;137;land;false;mountain;6
12545;176;45;182;land;false;marsh;6
12546;176;48;97;land;false;plains;6
12547;176;48;147;land;true;mountain;5
12548;176;48;202;land;false;forest;6
12549;176;51;62;land;false;forest;6
12550;176;51;167;land;false;forest;2
12551;176;54;27;land;true;hills;6
12552;176;54;82;land;false;mountain;2
12553;176;54;132;land;false;mountain;2
12554;176;57;47;land;false;forest;6
12555;176;57;92;land;false;forest;6
12556;176;57;197;land;false;mountain;6
12557;176;60;12;land;false;plains;6
12558;176;60;57;land;false;forest;6
12559;176;60;162;land;true;forest;6
12560;176;63;22;land;true;mountain;4
12561;176;63;77;land;false;desert;2
12562;176;63;144;land;false;plains;1
12563;176;63;227;land;false;forest;6
12564;176;66;42;land;false;hills;6
12565;176;66;192;land;false;hills;6
12566;176;69;7;land;false;plains;2
12567;176;69;157;land;false;forest;6
12568;176;69;212;land;false;forest;2
12569;176;72;72;land;false;mountain;6
12570;176;72;177;land;false;plains;2
12571;176;72;222;land;false;forest;2
12572;176;75;37;land;false;plains;2
12573;176;75;142;land;false;desert;2
12574;176;75;187;land;false;marsh;6
12575;176;78;2;land;false;mountain;6
12576;176;78;152;land;false;hills;4
12577;176;78;207;land;false;hills;2
12578;176;81;67;land;false;mountain;2
12579;176;81;172;land;false;mountain;6
12580;176;84;32;land;false;forest;6
12581;176;84;87;land;false;plains;6
12582;176;84;137;land;true;forest;2
12583;176;87;52;land;false;desert;6
12584;176;87;97;land;false;plains;6
12585;176;87;202;land;false;plains;2
12586;176;90;17;land;false;plains;2
12587;176;90;62;land;false;forest;6
12588;176;90;167;land;false;marsh;2
12589;176;93;27;land;true;mountain;5
12590;176;93;82;land;false;hills;6
12591;176;93;132;land;false;forest;6
12592;176;96;47;land;false;plains;6
12593;176;96;197;land;false;plains;2
12594;176;99;12;land;false;plains;6
12595;176;99;162;land;false;forest;6
12596;176;99;217;land;false;mountain;6
12597;176;102;77;land;false;forest;2
12598;176;102;182;land;false;desert;6
12599;176;102;227;land;false;forest;6
12600;176;105;42;land;false;plains;2
12601;176;105;147;land;false;mountain;6
12602;176;105;192;land;false;marsh;6
12603;176;108;7;land;false;plains;2
12604;176;108;157;land;true;plains;4
12605;176;108;212;land;false;plains;6
12606;176;111;72;land;false;forest;6
12607;176;111;177;land;false;mountain;2
12608;176;114;37;land;false;forest;6
12609;176;114;92;land;false;desert;6
12610;176;114;142;land;false;hills;6
12611;176;117;2;land;false;forest;6
12612;176;117;57;land;false;desert;6
12613;176;117;207;land;false;forest;6
12614;176;120;22;land;false;mountain;6
12615;176;120;67;land;false;forest;6
12616;176;120;172;land;false;plains;6
12617;176;123;32;land;true;forest;4
12618;176;123;87;land;false;forest;6
12619;176;123;137;land;false;plains;6
12620;176;126;52;land;false;plains;2
12621;176;126;202;land;false;forest;6
12622;176;129;17;land;false;mountain;6
12623;176;129;167;land;false;forest;6
12624;176;129;222;land;false;hills;2
12625;176;132;82;land;false;forest;6
12626;176;132;132;land;false;forest;6
12627;176;132;187;land;false;mountain;2
12628;176;135;47;land;false;forest;6
12629;176;135;152;land;false;plains;6
12630;176;135;197;land;false;marsh;6
12631;176;138;12;land;false;forest;6
12632;176;138;162;land;true;forest;4
12633;176;138;217;land;false;desert;2
12634;176;141;77;land;false;mountain;6
12635;176;141;182;land;false;hills;6
12636;176;144;42;land;false;forest;2
12637;176;144;97;land;false;hills;2
12638;176;144;147;land;false;forest;6
12639;176;147;7;land;false;forest;6
12640;176;147;62;land;false;desert;6
12641;176;147;212;land;false;forest;6
12642;176;150;27;land;false;plains;2
12643;176;150;72;land;false;forest;6
12644;176;150;177;land;false;mountain;6
12645;176;153;37;land;true;plains;4
12646;176;153;92;land;false;plains;2
12647;176;153;142;land;false;forest;6
12648;176;156;2;land;false;plains;5
12649;176;156;57;land;false;mountain;6
12650;176;156;207;land;false;mountain;6
12651;176;159;22;land;false;mountain;2
12652;176;159;172;land;false;forest;6
12653;176;159;227;land;false;mountain;6
12654;176;162;87;land;false;forest;6
12655;176;162;137;land;false;forest;6
12656;176;162;192;land;false;mountain;6
12657;176;165;52;land;false;plains;6
12658;176;165;157;land;false;desert;6
12659;176;165;202;land;false;mountain;6
12660;176;168;17;land;false;forest;6
12661;176;168;167;land;true;hills;2
12662;176;168;222;land;false;desert;6
12663;176;171;82;land;false;plains;2
12664;176;171;132;land;true;forest;4
12665;176;171;187;land;false;plains;6
12666;176;174;47;land;false;forest;6
12667;176;174;152;land;false;plains;2
12668;176;177;12;land;false;forest;6
12669;176;177;67;land;false;desert;6
12670;176;177;217;land;false;plains;2
12671;176;180;32;land;false;desert;6
12672;176;180;77;land;false;forest;6
12673;176;180;182;land;false;plains;2
12674;176;183;42;land;true;mountain;1
12675;176;183;97;land;false;mountain;6
12676;176;183;147;land;false;mountain;2
12677;176;186;7;land;false;forest;5
12678;176;186;62;land;false;forest;6
12679;176;186;212;land;false;plains;6
12680;176;189;27;land;true;plains;2
12681;176;189;177;land;false;forest;6
12682;176;192;92;land;false;forest;2
12683;176;192;142;land;true;mountain;6
12684;176;192;197;land;false;mountain;2
12685;176;195;57;land;false;plains;2
12686;176;195;162;land;false;hills;6
12687;176;195;207;land;false;forest;6
12688;176;198;22;land;false;plains;2
12689;176;198;172;land;true;mountain;1
12690;176;198;227;land;false;plains;6
12691;176;201;87;land;false;forest;6
12692;176;201;137;land;false;mountain;5
12693;176;201;192;land;false;forest;2
12694;176;204;52;land;false;hills;6
12695;176;204;157;land;false;hills;6
12696;176;207;17;land;false;plains;6
12697;176;207;72;land;false;plains;2
12698;176;207;222;land;true;forest;2
12699;176;210;37;land;false;mountain;2
12700;176;210;82;land;false;plains;6
12701;176;210;187;land;false;forest;2
12702;177;0;57;land;true;desert;7
12703;177;0;162;land;false;hills;3
12704;177;0;207;land;false;desert;7
12705;177;3;22;land;false;plains;6
12706;177;3;172;land;false;mountain;6
12707;177;3;227;land;false;plains;5
12708;177;6;87;land;false;hills;6
12709;177;6;137;land;false;hills;2
12710;177;6;192;land;false;plains;5
12711;177;9;52;land;false;desert;5
12712;177;9;157;land;true;plains;2
12713;177;12;17;land;false;plains;6
12714;177;12;72;land;false;hills;5
12715;177;12;222;land;true;forest;2
12716;177;15;37;land;true;jungle;3
12717;177;15;82;land;false;mountain;6
12718;177;15;187;land;false;desert;6
12719;177;18;2;land;false;forest;5
12720;177;18;47;land;false;plains;2
12721;177;18;152;land;false;mountain;2
12722;177;21;12;land;false;hills;6
12723;177;21;67;land;false;hills;5
12724;177;21;217;land;false;mountain;6
12725;177;24;32;land;true;mountain;5
12726;177;24;182;land;false;plains;7
12727;177;27;97;land;false;mountain;7
12728;177;27;147;land;false;plains;2
12729;177;27;202;land;false;jungle;3
12730;177;30;62;land;false;mountain;6
12731;177;30;167;land;false;forest;5
12732;177;30;212;land;false;mountain;6
12733;177;33;27;land;false;desert;5
12734;177;33;132;land;false;hills;6
12735;177;33;177;land;false;plains;2
12736;177;36;92;land;true;desert;2
12737;177;36;142;land;false;hills;6
12738;177;36;197;land;true;plains;3
12739;177;39;57;land;false;desert;7
12740;177;39;162;land;false;desert;7
12741;177;42;22;land;false;jungle;5
12742;177;42;77;land;true;jungle;5
12743;177;42;227;land;false;plains;6
12744;177;45;42;land;false;plains;5
12745;177;45;87;land;false;mountain;2
12746;177;45;192;land;true;forest;2
12747;177;48;7;land;true;forest;5
12748;177;48;52;land;false;desert;7
12749;177;48;157;land;false;desert;7
12750;177;51;17;land;false;desert;6
12751;177;51;72;land;false;plains;5
12752;177;51;222;land;true;plains;2
12753;177;54;37;land;true;plains;2
12754;177;54;187;land;false;mountain;6
12755;177;57;2;land;false;mountain;2
12756;177;57;152;land;false;mountain;7
12757;177;57;207;land;false;desert;5
12758;177;60;67;land;false;mountain;7
12759;177;60;172;land;true;mountain;5
12760;177;60;217;land;false;mountain;5
12761;177;63;32;land;false;mountain;7
12762;177;63;137;land;false;forest;5
12763;177;63;182;land;false;hills;6
12764;177;66;97;land;false;desert;5
12765;177;66;147;land;false;mountain;2
12766;177;66;202;land;true;mountain;5
12767;177;69;62;land;false;plains;6
12768;177;69;167;land;false;desert;7
12769;177;72;27;land;false;mountain;6
12770;177;72;82;land;false;jungle;3
12771;177;72;132;land;false;desert;5
12772;177;75;47;land;true;forest;3
12773;177;75;92;land;false;hills;7
12774;177;75;197;land;true;mountain;7
12775;177;78;12;land;false;jungle;5
12776;177;78;57;land;false;desert;6
12777;177;78;162;land;false;plains;6
12778;177;81;22;land;false;forest;2
12779;177;81;77;land;false;plains;6
12780;177;81;227;land;false;mountain;7
12781;177;84;42;land;false;plains;6
12782;177;84;192;land;false;plains;2
12783;177;87;7;land;false;jungle;5
12784;177;87;157;land;false;desert;6
12785;177;87;212;land;true;forest;5
12786;177;90;72;land;false;plains;6
12787;177;90;177;land;false;jungle;5
12788;177;90;222;land;false;mountain;6
12789;177;93;37;land;false;mountain;6
12790;177;93;142;land;true;plains;3
12791;177;93;187;land;false;desert;2
12792;177;96;2;land;false;desert;6
12793;177;96;152;land;false;hills;7
12794;177;96;207;land;false;forest;5
12795;177;99;67;land;false;forest;5
12796;177;99;172;land;false;desert;5
12797;177;102;32;land;false;mountain;6
12798;177;102;87;land;false;mountain;3
12799;177;102;137;land;false;forest;6
12800;177;105;52;land;false;plains;5
12801;177;105;97;land;false;desert;6
12802;177;108;17;land;false;forest;5
12803;177;108;62;land;false;plains;2
12804;177;108;167;land;false;mountain;2
12805;177;111;27;land;false;mountain;6
12806;177;111;82;land;false;desert;5
12807;177;111;132;land;false;mountain;6
12808;177;114;47;land;false;jungle;5
12809;177;114;197;land;false;desert;7
12810;177;117;12;land;true;jungle;2
12811;177;117;162;land;false;plains;2
12812;177;117;217;land;false;desert;5
12813;177;120;77;land;false;desert;7
12814;177;120;182;land;false;plains;5
12815;177;120;227;land;false;mountain;6
12816;177;123;42;land;false;desert;5
12817;177;123;147;land;false;forest;5
12818;177;123;192;land;false;desert;7
12819;177;126;7;land;false;mountain;6
12820;177;126;157;land;false;desert;6
12821;177;126;212;land;true;mountain;7
12822;177;129;72;land;false;hills;6
12823;177;129;177;land;true;hills;3
12824;177;132;37;land;false;jungle;5
12825;177;132;92;land;false;jungle;3
12826;177;132;142;land;false;desert;5
12827;177;135;2;land;false;mountain;2
12828;177;135;57;land;true;jungle;3
12829;177;135;207;land;false;mountain;6
12830;177;138;22;land;false;forest;5
12831;177;138;67;land;false;mountain;6
12832;177;138;172;land;true;mountain;7
12833;177;141;32;land;true;desert;2
12834;177;141;87;land;true;forest;5
12835;177;141;137;land;false;mountain;2
12836;177;144;52;land;false;desert;5
12837;177;144;202;land;false;mountain;6
12838;177;147;17;land;false;plains;5
12839;177;147;167;land;false;desert;7
12840;177;147;222;land;true;desert;5
12841;177;150;82;land;false;mountain;6
12842;177;150;132;land;false;desert;5
12843;177;150;187;land;false;forest;5
12844;177;153;47;land;false;desert;6
12845;177;153;152;land;false;mountain;3
12846;177;153;197;land;false;mountain;6
12847;177;156;12;land;false;jungle;5
12848;177;156;162;land;false;plains;2
12849;177;156;217;land;false;desert;5
12850;177;159;77;land;false;desert;2
12851;177;159;182;land;false;plains;5
12852;177;162;42;land;false;desert;7
12853;177;162;97;land;true;jungle;3
12854;177;162;147;land;false;forest;6
12855;177;165;7;land;false;desert;7
12856;177;165;62;land;false;mountain;5
12857;177;165;212;land;true;hills;5
12858;177;168;27;land;true;forest;5
12859;177;168;72;land;true;desert;2
12860;177;168;177;land;false;mountain;6
12861;177;171;37;land;false;mountain;7
12862;177;171;92;land;false;plains;5
12863;177;171;142;land;false;mountain;7
12864;177;174;2;land;false;desert;6
12865;177;174;57;land;true;mountain;3
12866;177;174;207;land;false;desert;5
12867;177;177;22;land;true;marsh;2
12868;177;177;172;land;false;plains;6
12869;177;177;227;land;false;jungle;3
12870;177;180;87;land;false;desert;7
12871;177;180;137;land;false;desert;7
12872;177;180;192;land;false;mountain;3
12873;177;183;52;land;true;mountain;2
12874;177;183;157;land;false;forest;5
12875;177;183;202;land;false;plains;2
12876;177;186;17;land;false;desert;6
12877;177;186;167;land;false;mountain;6
12878;177;186;222;land;true;plains;3
12879;177;189;82;land;false;desert;7
12880;177;189;132;land;false;desert;6
12881;177;189;187;land;false;desert;5
12882;177;192;47;land;false;mountain;6
12883;177;192;152;land;true;desert;7
12884;177;195;12;land;false;desert;6
12885;177;195;67;land;true;jungle;3
12886;177;195;217;land;false;desert;6
12887;177;198;32;land;false;plains;5
12888;177;198;77;land;false;desert;5
12889;177;198;182;land;true;mountain;5
12890;177;201;42;land;false;desert;6
12891;177;201;97;land;true;jungle;5
12892;177;201;147;land;false;mountain;6
12893;177;204;7;land;false;plains;2
12894;177;204;62;land;false;desert;7
12895;177;204;212;land;false;desert;7
12896;177;207;27;land;false;forest;5
12897;177;207;177;land;false;desert;2
12898;177;210;92;land;false;mountain;6
12899;177;210;142;land;false;desert;6
12900;177;210;197;land;false;forest;5
12901;178;0;12;land;false;forest;3
12902;178;3;77;land;false;forest;3
12903;178;6;42;land;false;forest;3
12904;178;6;147;land;false;desert;4
12905;178;9;7;land;true;jungle;6
12906;178;9;212;land;false;desert;4
12907;178;12;177;land;false;forest;5
12908;178;15;142;land;false;forest;5
12909;178;18;207;land;false;hills;3
12910;178;21;22;land;true;urban;4
12911;178;21;172;land;false;plains;5
12912;178;24;87;land;false;desert;4
12913;178;24;137;land;false;jungle;3
12914;178;27;52;land;false;mountain;3
12915;178;30;17;land;false;plains;4
12916;178;33;82;land;false;forest;3
12917;178;36;47;land;false;jungle;3
12918;178;36;152;land;false;forest;4
12919;178;39;12;land;false;jungle;3
12920;178;39;217;land;false;mountain;3
12921;178;42;182;land;true;mountain;5
12922;178;45;147;land;false;forest;3
12923;178;48;212;land;false;plains;3
12924;178;51;27;land;true;plains;4
12925;178;51;177;land;false;forest;5
12926;178;54;92;land;false;desert;4
12927;178;54;142;land;false;desert;5
12928;178;57;57;land;false;mountain;3
12929;178;60;22;land;false;forest;5
12930;178;63;87;land;false;mountain;3
12931;178;66;52;land;false;mountain;4
12932;178;66;157;land;false;plains;4
12933;178;69;17;land;true;forest;3
12934;178;69;222;land;false;plains;4
12935;178;72;187;land;true;forest;5
12936;178;75;152;land;false;plains;4
12937;178;78;217;land;false;forest;3
12938;178;81;32;land;false;mountain;3
12939;178;81;182;land;false;jungle;3
12940;178;84;97;land;false;plains;5
12941;178;84;147;land;true;plains;5
12942;178;87;62;land;false;mountain;3
12943;178;90;27;land;false;forest;3
12944;178;93;92;land;true;forest;5
12945;178;96;57;land;false;forest;5
12946;178;96;162;land;false;mountain;3
12947;178;99;22;land;false;forest;3
12948;178;99;227;land;true;desert;4
12949;178;102;192;land;false;plains;4
12950;178;105;157;land;false;hills;5
12951;178;108;222;land;false;plains;3
12952;178;111;37;land;true;desert;3
12953;178;111;187;land;false;mountain;3
12954;178;114;2;land;true;forest;3
12955;178;114;152;land;false;jungle;6
12956;178;117;67;land;true;mountain;5
12957;178;120;32;land;true;plains;4
12958;178;123;97;land;true;mountain;5
12959;178;126;62;land;false;forest;3
12960;178;126;167;land;true;plains;3
12961;178;129;27;land;false;hills;3
12962;178;129;132;land;false;plains;4
12963;178;132;197;land;false;plains;5
12964;178;135;162;land;false;forest;3
12965;178;138;227;land;false;jungle;3
12966;178;141;42;land;true;mountain;4
12967;178;141;192;land;false;mountain;5
12968;178;144;7;land;false;plains;4
12969;178;144;157;land;false;mountain;3
12970;178;147;72;land;false;desert;3
12971;178;150;37;land;true;forest;5
12972;178;153;2;land;false;forest;3
12973;178;156;67;land;false;forest;3
12974;178;156;172;land;true;mountain;4
12975;178;159;32;land;true;forest;5
12976;178;159;137;land;true;plains;4
12977;178;162;202;land;false;plains;3
12978;178;165;167;land;false;mountain;3
12979;178;168;132;land;false;forest;3
12980;178;171;47;land;true;mountain;4
12981;178;171;197;land;false;hills;5
12982;178;174;12;land;false;mountain;3
12983;178;174;162;land;true;mountain;3
12984;178;177;77;land;true;hills;3
12985;178;180;42;land;true;desert;5
12986;178;183;7;land;false;mountain;5
12987;178;186;72;land;false;forest;3
12988;178;186;177;land;true;forest;4
12989;178;189;37;land;false;forest;5
12990;178;189;142;land;true;plains;4
12991;178;192;2;land;true;plains;5
12992;178;192;207;land;false;desert;4
12993;178;195;172;land;false;hills;4
12994;178;198;137;land;true;desert;3
12995;178;201;202;land;true;mountain;4
12996;178;204;17;land;true;forest;3
12997;178;204;167;land;true;mountain;3
12998;178;207;82;land;false;desert;3
12999;178;207;132;land;true;jungle;3
13000;178;210;47;land;false;forest;3
13001;190;79;72;land;true;jungle;6
13002;199;16;94;land;true;forest;6
13003;210;90;30;land;true;plains;1
13004;214;55;134;sea;true;ocean;0
13005;214;237;203;land;true;forest;6
13006;238;149;159;sea;true;ocean;0
13007;254;123;76;sea;false;ocean;0
13008;255;0;0;land;false;desert;6
13009;255;1;40;land;true;plains;3
13010;255;2;120;land;true;plains;2
13011;255;3;3;land;false;plains;1
13012;255;3;160;land;true;plains;3
13013;255;4;40;land;true;plains;5
13014;255;5;120;land;true;plains;5
13015;255;6;160;land;true;plains;5
13016;255;7;40;land;true;plains;5
13017;255;8;120;land;true;jungle;5
13018;255;9;160;land;true;forest;5
13019;255;10;40;land;true;plains;6
13020;255;11;120;land;true;plains;6
13021;255;12;160;land;true;plains;6
13022;255;13;40;land;true;plains;6
13023;255;14;120;land;true;plains;6
13024;255;15;160;land;true;plains;6
13025;255;16;40;land;true;plains;6
13026;255;17;120;land;true;plains;6
13027;255;18;160;land;true;plains;6
13028;255;19;40;land;true;plains;6
13029;255;20;120;land;true;plains;6
13030;255;21;160;land;true;plains;6
13031;255;22;40;land;true;plains;6
13032;255;23;120;land;true;plains;6
13033;255;24;160;land;true;plains;6
13034;255;25;40;land;true;plains;6
13035;255;26;120;land;true;plains;6
13036;255;27;160;land;true;plains;6
13037;255;28;40;land;true;plains;6
13038;255;29;120;land;true;plains;6
13039;255;30;160;land;true;plains;6
13040;255;31;40;land;true;plains;6
13041;255;32;120;land;true;plains;6
13042;255;33;160;land;true;plains;6
13043;255;34;40;land;true;plains;6
13044;255;35;160;land;true;plains;6
13045;255;36;120;land;true;plains;6
13046;255;37;40;land;true;plains;6
13047;255;38;120;land;true;plains;6
13048;255;39;160;land;true;plains;6
13049;255;40;40;land;true;plains;6
13050;255;41;120;land;true;plains;6
13051;255;42;160;land;true;plains;6
13052;255;43;40;land;true;plains;6
13053;255;44;120;land;true;plains;6
13054;255;45;160;land;true;plains;6
13055;255;46;40;land;true;plains;6
13056;255;47;120;land;true;plains;6
13057;255;48;160;land;true;plains;6
13058;255;49;40;land;false;plains;2
13059;255;50;120;land;false;forest;6
13060;255;51;160;land;false;forest;6
13061;255;52;40;land;false;mountain;6
13062;255;53;120;land;false;plains;6
13063;255;54;160;land;true;plains;6
13064;255;55;40;land;false;hills;6
13065;255;56;120;land;false;forest;6
13066;255;57;160;land;true;plains;2
13067;255;58;40;land;true;plains;6
13068;255;59;120;land;false;plains;1
13069;255;60;160;land;false;mountain;2
13070;255;61;128;land;true;plains;1
13071;255;61;129;land;true;hills;5
13072;255;61;130;land;true;plains;5
13073;255;61;131;land;false;desert;5
13074;255;61;132;land;false;mountain;5
13075;255;61;133;land;false;forest;2
13076;255;61;251;land;true;mountain;6
13077;255;61;252;land;false;mountain;5
13078;255;61;253;land;false;desert;5
13079;255;61;254;land;true;mountain;7
13080;255;112;110;land;true;plains;6
13081;255;127;127;land;false;forest;1
13082;0;225;255;land;false;mountain;7
13083;0;255;0;land;false;jungle;3
13084;0;0;100;land;true;plains;3
13085;255;252;0;land;true;plains;3
13086;98;197;150;land;true;mountain;3
13087;98;197;149;land;true;plains;3
13088;97;197;149;land;true;jungle;2
13089;99;197;150;land;false;urban;2
13090;99;198;150;land;true;plains;2
13091;99;198;151;land;true;mountain;2
13092;16;175;68;land;true;jungle;3
13093;210;188;132;land;true;hills;3
13094;246;193;106;land;false;forest;2
13095;44;88;248;lake;false;lakes;1
13096;63;136;3;lake;false;lakes;0
13097;195;158;127;lake;false;lakes;1
13098;169;17;19;lake;false;lakes;1
13099;156;215;117;lake;false;lakes;1
13100;224;48;237;lake;false;lakes;1
13101;94;194;59;lake;false;lakes;1
13102;228;198;113;lake;false;lakes;1
13103;121;241;235;lake;false;lakes;1
13104;76;254;206;lake;false;lakes;1
13105;123;247;9;lake;false;lakes;1
13106;150;235;245;lake;false;lakes;1
13107;212;203;216;lake;false;lakes;1
13108;220;91;182;lake;false;lakes;1
13109;229;164;140;lake;false;lakes;1
13110;151;53;125;lake;false;lakes;1
13111;233;19;12;lake;false;lakes;1
13112;99;241;15;lake;false;lakes;1
13113;236;133;245;lake;false;lakes;1
13114;137;77;75;lake;false;lakes;1
13115;61;248;94;lake;false;lakes;1
13116;165;36;199;land;false;hills;1
13117;178;246;249;lake;false;lakes;1
13118;84;82;210;lake;false;lakes;1
13119;219;136;90;lake;false;lakes;1
13120;110;197;243;lake;false;lakes;7
13121;214;89;237;lake;false;lakes;7
13122;143;28;80;lake;false;lakes;7
13123;124;152;75;lake;false;lakes;7
13124;82;143;163;lake;false;lakes;1
13125;43;77;79;lake;false;lakes;1
13126;174;149;119;lake;false;lakes;1
13127;226;75;104;lake;false;lakes;1
13128;155;20;118;lake;false;lakes;1
13129;253;146;162;lake;false;lakes;1
13130;144;145;189;lake;false;lakes;1
13131;196;18;194;lake;false;lakes;0
13132;251;235;162;lake;false;lakes;0
13133;67;60;225;lake;false;lakes;0
13134;245;202;253;lake;false;lakes;3
13135;158;239;15;lake;false;lakes;5
13136;113;142;204;lake;false;lakes;0
13137;151;30;108;lake;false;lakes;5
13138;191;135;77;lake;false;lakes;5
13139;74;32;152;lake;false;lakes;0
13140;137;216;165;lake;false;lakes;6
13141;213;57;164;lake;false;lakes;6
13142;93;96;119;lake;false;lakes;0
13143;37;213;164;land;false;plains;6
13144;83;84;221;lake;false;lakes;0
13145;232;11;230;lake;false;lakes;0
13146;78;65;155;lake;false;lakes;6
13147;186;221;179;lake;false;lakes;0
13148;162;177;229;lake;false;lakes;0
13149;24;183;13;lake;false;lakes;0
13150;59;131;0;land;false;mountain;6
13151;24;228;183;lake;false;lakes;0
13152;94;203;238;lake;false;lakes;0
13153;208;66;253;lake;false;lakes;2
13154;75;136;73;sea;true;lakes;0
13155;59;79;63;sea;true;lakes;0
13156;153;246;248;lake;false;lakes;2
13157;148;93;16;sea;true;lakes;0
13158;45;241;190;lake;false;lakes;0
13159;39;214;94;sea;true;lakes;0
13160;107;67;227;lake;false;lakes;0
13161;138;95;191;lake;false;lakes;0
13162;12;117;162;lake;false;lakes;0
13163;0;76;241;lake;false;lakes;0
13164;41;122;120;lake;false;lakes;0
13165;58;91;52;lake;false;lakes;0
13166;156;126;33;lake;false;lakes;0
13167;179;166;202;lake;false;lakes;0
13168;101;244;114;lake;false;lakes;0
13169;167;230;177;lake;false;lakes;0
13170;103;49;206;lake;false;lakes;0
13171;193;137;179;lake;false;lakes;0
13172;229;61;74;lake;false;lakes;0
13173;101;33;178;lake;false;lakes;0
13174;15;170;21;lake;false;lakes;0
13175;20;5;54;lake;false;lakes;0
13176;230;234;25;lake;false;lakes;0
13177;174;155;69;lake;false;lakes;0
13178;23;208;190;lake;false;lakes;0
13179;105;56;191;lake;false;lakes;0
13180;186;45;117;lake;true;lakes;0
13181;15;166;126;lake;false;lakes;0
13182;195;243;13;lake;false;lakes;0
13183;1;186;229;lake;false;lakes;0
13184;111;121;132;lake;false;lakes;0
13185;144;32;174;lake;false;lakes;0
13186;76;43;107;lake;false;lakes;0
13187;183;171;81;lake;false;lakes;0
13188;77;156;149;lake;false;lakes;0
13189;62;14;141;lake;false;lakes;0
13190;105;209;180;lake;false;lakes;0
13191;167;56;148;lake;false;lakes;0
13192;19;97;36;lake;false;lakes;0
13193;30;167;209;sea;true;ocean;0
13194;206;169;161;sea;true;lakes;0
13195;169;3;103;land;false;mountain;3
13196;11;82;182;land;true;plains;2
13197;224;93;214;land;false;desert;6
13198;168;248;79;sea;true;lakes;0
13199;34;134;177;sea;true;lakes;0
13200;198;232;204;sea;true;lakes;0
13201;188;96;100;sea;true;lakes;0
13202;138;235;160;land;true;mountain;2
13203;211;241;202;land;true;mountain;2
13204;95;65;145;land;true;forest;6
13205;45;230;83;land;false;urban;1
13206;87;127;34;land;false;forest;1
13207;90;70;64;land;false;desert;6
13208;76;238;232;land;false;forest;6
13209;219;38;117;land;false;mountain;5
13210;223;253;161;land;false;jungle;5
13211;183;71;32;land;false;forest;5
13212;247;197;244;land;false;forest;5
13213;87;7;147;land;true;forest;5
13214;229;131;236;land;false;mountain;2
13215;89;7;147;land;false;desert;2
13216;229;131;235;land;true;mountain;2
13217;86;104;241;land;false;plains;5
13218;205;124;39;land;true;forest;1
13219;95;179;57;land;false;mountain;1
13220;48;142;248;land;false;mountain;1
13221;12;90;193;land;false;plains;1
13222;91;130;139;land;false;mountain;1
13223;206;34;132;land;false;mountain;1
13224;238;244;136;land;false;hills;1
13225;24;182;13;land;false;plains;1
13226;164;173;23;land;false;mountain;1
13227;215;226;214;land;false;hills;1
13228;46;238;156;land;true;hills;1
13229;76;211;28;land;false;hills;1
13230;58;28;107;land;false;plains;1
13231;184;117;163;land;false;hills;1
13232;122;77;196;land;false;plains;1
13233;230;236;122;land;false;mountain;1
13234;210;241;113;land;false;hills;1
13235;233;179;9;land;false;mountain;1
13236;100;117;50;land;true;urban;1
13237;54;85;57;land;true;plains;5
13238;87;129;87;land;false;hills;6
13239;157;115;203;land;false;forest;6
13240;10;154;47;land;true;jungle;2
13241;36;124;15;land;false;jungle;2
13242;6;82;23;land;false;plains;2
13243;7;88;157;land;true;forest;2
13244;105;69;1;land;false;mountain;2
13245;5;128;108;land;false;mountain;2
13246;122;127;15;land;false;mountain;2
13247;79;102;12;land;false;jungle;2
13248;30;47;94;land;false;mountain;2
13249;22;79;73;land;false;mountain;2
13250;192;206;73;land;false;plains;2
13251;84;102;94;land;false;plains;2
13252;59;108;13;land;false;urban;2
13253;98;144;72;land;false;mountain;2
13254;95;134;193;land;false;jungle;2
13255;137;211;177;land;false;jungle;2
13256;117;128;142;land;true;urban;2
13257;72;119;34;land;true;forest;2
13258;69;151;146;land;false;mountain;2
13259;155;53;11;land;false;mountain;2
13260;81;155;37;land;false;mountain;2
13261;79;117;193;land;false;jungle;2
13262;40;87;71;land;false;mountain;2
13263;70;49;128;land;false;desert;2
13264;136;88;67;land;false;mountain;2
13265;25;64;46;land;false;plains;2
13266;65;15;110;land;false;plains;2
13267;81;50;110;land;false;mountain;2
13268;138;196;75;land;true;hills;1
13269;50;45;65;land;true;plains;5
13270;39;69;181;land;false;plains;6
13271;115;93;33;land;false;forest;6
13272;88;86;105;land;false;plains;6
13273;173;70;77;land;false;plains;6
13274;43;45;114;land;false;plains;6
13275;77;149;135;land;false;mountain;6
13276;39;114;98;land;false;mountain;6
13277;110;40;174;land;false;plains;6
13278;106;145;74;land;false;plains;6
13279;57;87;154;land;false;hills;6
13280;42;85;26;land;false;forest;6
13281;30;136;93;land;true;plains;6
13282;89;21;92;land;true;plains;6
13283;58;71;114;land;true;desert;5
13284;136;100;34;land;true;plains;2
13285;206;4;72;land;false;desert;5
13286;137;41;92;land;false;hills;5
13287;26;241;146;land;false;hills;5
13288;98;186;250;land;false;mountain;5
13289;15;232;57;land;false;mountain;5
13290;153;226;237;land;false;mountain;5
13291;132;76;70;land;false;mountain;5
13292;215;64;181;land;false;mountain;5
13293;165;139;154;land;false;hills;5
13294;114;185;212;land;false;mountain;5
13295;120;109;84;land;false;hills;5
13296;147;161;5;land;false;hills;5
13297;97;103;122;land;false;hills;5
13298;78;140;152;land;false;mountain;5
13299;191;175;169;land;false;hills;5
13300;185;11;250;land;false;mountain;5
13301;51;14;146;land;false;plains;1
13302;59;23;200;land;false;desert;5
13303;242;234;234;land;true;forest;6
13304;243;229;190;land;true;plains;1
13305;226;59;117;land;true;plains;1
13306;31;232;124;land;true;desert;7
13307;80;65;89;land;true;urban;1
13308;153;173;212;land;false;mountain;1
13309;162;8;2;land;true;plains;2
13310;78;12;236;sea;true;ocean;0
13311;239;45;233;land;true;hills;3
13312;7;153;169;land;true;mountain;3
13313;2;106;96;land;false;jungle;5
13314;55;51;96;land;true;mountain;1
13315;109;16;85;land;true;forest;2
13316;227;205;176;land;true;plains;1
13317;220;102;66;land;true;plains;1
13318;14;196;85;land;true;plains;1
13319;205;35;60;land;true;plains;1
13320;134;85;243;land;true;plains;1
13321;152;100;218;land;true;plains;1
13322;88;5;48;land;true;plains;1
13323;54;209;196;land;false;plains;1
13324;48;223;1;land;false;plains;1
13325;50;106;96;land;true;mountain;1
13326;209;16;185;land;true;mountain;1
13327;83;64;59;land;false;mountain;7
13328;134;147;38;land;true;mountain;1
13329;11;143;125;land;true;plains;1
13330;26;125;215;land;true;mountain;1
13331;47;97;178;land;true;mountain;1
13332;83;35;40;land;true;mountain;1
13333;11;16;81;land;true;mountain;1
